type,count,amount,name,from,to,year,quarter,state
TOTAL,4200,1845307.4673655091,Recharge & bill payments,1514745000000,1522175400000,2018,1,andaman-&-nicobar-islands
TOTAL,1871,12138655.299749982,Peer-to-peer payments,1514745000000,1522175400000,2018,1,andaman-&-nicobar-islands
TOTAL,298,452507.168646613,Merchant payments,1514745000000,1522175400000,2018,1,andaman-&-nicobar-islands
TOTAL,33,10601.419933464953,Financial Services,1514745000000,1522175400000,2018,1,andaman-&-nicobar-islands
TOTAL,256,184689.8662902223,Others,1514745000000,1522175400000,2018,1,andaman-&-nicobar-islands
TOTAL,6735,2320944.731074479,Recharge & bill payments,1522521000000,1530124200000,2018,2,andaman-&-nicobar-islands
TOTAL,3575,24511925.231047668,Peer-to-peer payments,1522521000000,1530124200000,2018,2,andaman-&-nicobar-islands
TOTAL,603,1024491.0133579008,Merchant payments,1522521000000,1530124200000,2018,2,andaman-&-nicobar-islands
TOTAL,59,121336.0270987509,Financial Services,1522521000000,1530124200000,2018,2,andaman-&-nicobar-islands
TOTAL,368,359838.50537474576,Others,1522521000000,1530124200000,2018,2,andaman-&-nicobar-islands
TOTAL,8636,4343504.868377829,Recharge & bill payments,1530383400000,1538073000000,2018,3,andaman-&-nicobar-islands
TOTAL,6448,49270781.541635044,Peer-to-peer payments,1530383400000,1538073000000,2018,3,andaman-&-nicobar-islands
TOTAL,945,1627359.8394868043,Merchant payments,1530383400000,1538073000000,2018,3,andaman-&-nicobar-islands
TOTAL,42,1481.4907042806485,Financial Services,1530383400000,1538073000000,2018,3,andaman-&-nicobar-islands
TOTAL,194,314343.39410715323,Others,1530383400000,1538073000000,2018,3,andaman-&-nicobar-islands
TOTAL,11517,5450549.512294375,Recharge & bill payments,1538332200000,1545935400000,2018,4,andaman-&-nicobar-islands
TOTAL,10451,81001456.97825177,Peer-to-peer payments,1538332200000,1545935400000,2018,4,andaman-&-nicobar-islands
TOTAL,1421,3552027.735492656,Merchant payments,1538332200000,1545935400000,2018,4,andaman-&-nicobar-islands
TOTAL,29,76035.7877393286,Financial Services,1538332200000,1545935400000,2018,4,andaman-&-nicobar-islands
TOTAL,340,468266.0606770435,Others,1538332200000,1545935400000,2018,4,andaman-&-nicobar-islands
TOTAL,15263,6611459.8729725825,Recharge & bill payments,1546281000000,1553711400000,2019,1,andaman-&-nicobar-islands
TOTAL,13119,91808345.86839552,Peer-to-peer payments,1546281000000,1553711400000,2019,1,andaman-&-nicobar-islands
TOTAL,1759,3266589.8469614363,Merchant payments,1546281000000,1553711400000,2019,1,andaman-&-nicobar-islands
TOTAL,62,116250.43671861099,Financial Services,1546281000000,1553711400000,2019,1,andaman-&-nicobar-islands
TOTAL,283,497094.6484417205,Others,1546281000000,1553711400000,2019,1,andaman-&-nicobar-islands
TOTAL,14676,7242448.256212333,Recharge & bill payments,1554057000000,1561660200000,2019,2,andaman-&-nicobar-islands
TOTAL,14481,107525358.66652842,Peer-to-peer payments,1554057000000,1561660200000,2019,2,andaman-&-nicobar-islands
TOTAL,4031,4702152.616619372,Merchant payments,1554057000000,1561660200000,2019,2,andaman-&-nicobar-islands
TOTAL,124,113278.91371326067,Financial Services,1554057000000,1561660200000,2019,2,andaman-&-nicobar-islands
TOTAL,377,671471.222589792,Others,1554057000000,1561660200000,2019,2,andaman-&-nicobar-islands
TOTAL,16219,8171737.705916681,Recharge & bill payments,1561919400000,1569609000000,2019,3,andaman-&-nicobar-islands
TOTAL,13767,101079821.10344616,Peer-to-peer payments,1561919400000,1569609000000,2019,3,andaman-&-nicobar-islands
TOTAL,3519,4428734.574846684,Merchant payments,1561919400000,1569609000000,2019,3,andaman-&-nicobar-islands
TOTAL,50,158857.94315586874,Financial Services,1561919400000,1569609000000,2019,3,andaman-&-nicobar-islands
TOTAL,215,232624.75992853564,Others,1561919400000,1569609000000,2019,3,andaman-&-nicobar-islands
TOTAL,18128,121493224.30754511,Peer-to-peer payments,1569868200000,1577471400000,2019,4,andaman-&-nicobar-islands
TOTAL,13851,9538690.916424634,Recharge & bill payments,1569868200000,1577471400000,2019,4,andaman-&-nicobar-islands
TOTAL,2920,5247500.487902376,Merchant payments,1569868200000,1577471400000,2019,4,andaman-&-nicobar-islands
TOTAL,60,295937.2110898865,Financial Services,1569868200000,1577471400000,2019,4,andaman-&-nicobar-islands
TOTAL,200,263177.5944158883,Others,1569868200000,1577471400000,2019,4,andaman-&-nicobar-islands
TOTAL,18324,142332401.79234773,Peer-to-peer payments,1577817000000,1585333800000,2020,1,andaman-&-nicobar-islands
TOTAL,18268,10850414.023977457,Recharge & bill payments,1577817000000,1585333800000,2020,1,andaman-&-nicobar-islands
TOTAL,4424,7752871.558217709,Merchant payments,1577817000000,1585333800000,2020,1,andaman-&-nicobar-islands
TOTAL,66,208231.73071652642,Financial Services,1577817000000,1585333800000,2020,1,andaman-&-nicobar-islands
TOTAL,216,332393.19201521645,Others,1577817000000,1585333800000,2020,1,andaman-&-nicobar-islands
TOTAL,38125,17659622.73418829,Recharge & bill payments,1585679400000,1593282600000,2020,2,andaman-&-nicobar-islands
TOTAL,20303,141728757.73517442,Peer-to-peer payments,1585679400000,1593282600000,2020,2,andaman-&-nicobar-islands
TOTAL,4004,9236375.740471343,Merchant payments,1585679400000,1593282600000,2020,2,andaman-&-nicobar-islands
TOTAL,175,706932.1397115812,Financial Services,1585679400000,1593282600000,2020,2,andaman-&-nicobar-islands
TOTAL,355,313313.0646014327,Others,1585679400000,1593282600000,2020,2,andaman-&-nicobar-islands
TOTAL,59310,24756220.875469353,Recharge & bill payments,1593541800000,1601231400000,2020,3,andaman-&-nicobar-islands
TOTAL,40697,289078946.7312394,Peer-to-peer payments,1593541800000,1601231400000,2020,3,andaman-&-nicobar-islands
TOTAL,16096,22682992.238478824,Merchant payments,1593541800000,1601231400000,2020,3,andaman-&-nicobar-islands
TOTAL,572,961836.7129860274,Financial Services,1593541800000,1601231400000,2020,3,andaman-&-nicobar-islands
TOTAL,808,539449.7721868362,Others,1593541800000,1601231400000,2020,3,andaman-&-nicobar-islands
TOTAL,81439,533316526.1814983,Peer-to-peer payments,1601490600000,1609093800000,2020,4,andaman-&-nicobar-islands
TOTAL,80811,33710030.534383245,Recharge & bill payments,1601490600000,1609093800000,2020,4,andaman-&-nicobar-islands
TOTAL,59391,56867468.940003954,Merchant payments,1601490600000,1609093800000,2020,4,andaman-&-nicobar-islands
TOTAL,965,1880546.9672370641,Financial Services,1601490600000,1609093800000,2020,4,andaman-&-nicobar-islands
TOTAL,1925,1508083.6917299272,Others,1601490600000,1609093800000,2020,4,andaman-&-nicobar-islands
TOTAL,105458,665391395.715478,Peer-to-peer payments,1609439400000,1616869800000,2021,1,andaman-&-nicobar-islands
TOTAL,84119,37160922.86506996,Recharge & bill payments,1609439400000,1616869800000,2021,1,andaman-&-nicobar-islands
TOTAL,53090,78606979.05751458,Merchant payments,1609439400000,1616869800000,2021,1,andaman-&-nicobar-islands
TOTAL,884,1469351.0852598653,Financial Services,1609439400000,1616869800000,2021,1,andaman-&-nicobar-islands
TOTAL,1201,1077918.666433228,Others,1609439400000,1616869800000,2021,1,andaman-&-nicobar-islands
TOTAL,132772,748382044.7707307,Peer-to-peer payments,1617215400000,1624818600000,2021,2,andaman-&-nicobar-islands
TOTAL,120911,43691961.26275121,Recharge & bill payments,1617215400000,1624818600000,2021,2,andaman-&-nicobar-islands
TOTAL,85143,103707408.50908463,Merchant payments,1617215400000,1624818600000,2021,2,andaman-&-nicobar-islands
TOTAL,960,2038521.5136710338,Financial Services,1617215400000,1624818600000,2021,2,andaman-&-nicobar-islands
TOTAL,1628,1327080.0560584562,Others,1617215400000,1624818600000,2021,2,andaman-&-nicobar-islands
TOTAL,192321,1077787837.1562996,Peer-to-peer payments,1625077800000,1632767400000,2021,3,andaman-&-nicobar-islands
TOTAL,136010,51243450.85925055,Recharge & bill payments,1625077800000,1632767400000,2021,3,andaman-&-nicobar-islands
TOTAL,118340,176991328.21761328,Merchant payments,1625077800000,1632767400000,2021,3,andaman-&-nicobar-islands
TOTAL,990,2351013.441729573,Financial Services,1625077800000,1632767400000,2021,3,andaman-&-nicobar-islands
TOTAL,2103,1650766.1267105162,Others,1625077800000,1632767400000,2021,3,andaman-&-nicobar-islands
TOTAL,285778,1544932663.2744582,Peer-to-peer payments,1633026600000,1640629800000,2021,4,andaman-&-nicobar-islands
TOTAL,210164,322842314.62433755,Merchant payments,1633026600000,1640629800000,2021,4,andaman-&-nicobar-islands
TOTAL,135608,59243518.11464358,Recharge & bill payments,1633026600000,1640629800000,2021,4,andaman-&-nicobar-islands
TOTAL,1718,3137965.167474068,Financial Services,1633026600000,1640629800000,2021,4,andaman-&-nicobar-islands
TOTAL,2855,2453640.142743944,Others,1633026600000,1640629800000,2021,4,andaman-&-nicobar-islands
TOTAL,5027448,892293975.6698562,Recharge & bill payments,1514745000000,1522175400000,2018,1,andhra-pradesh
TOTAL,3049646,10524250283.178782,Peer-to-peer payments,1514745000000,1522175400000,2018,1,andhra-pradesh
TOTAL,362672,247297640.24000686,Merchant payments,1514745000000,1522175400000,2018,1,andhra-pradesh
TOTAL,204305,44808449.7639544,Financial Services,1514745000000,1522175400000,2018,1,andhra-pradesh
TOTAL,395514,287626042.970705,Others,1514745000000,1522175400000,2018,1,andhra-pradesh
TOTAL,6456387,1598591488.4880352,Recharge & bill payments,1522521000000,1530124200000,2018,2,andhra-pradesh
TOTAL,4745000,20451493098.8953,Peer-to-peer payments,1522521000000,1530124200000,2018,2,andhra-pradesh
TOTAL,604847,436785223.86032957,Merchant payments,1522521000000,1530124200000,2018,2,andhra-pradesh
TOTAL,225621,68952114.81374599,Financial Services,1522521000000,1530124200000,2018,2,andhra-pradesh
TOTAL,322063,328092346.575651,Others,1522521000000,1530124200000,2018,2,andhra-pradesh
TOTAL,16129591,32738630444.668724,Peer-to-peer payments,1530383400000,1538073000000,2018,3,andhra-pradesh
TOTAL,7542005,1949098146.8941927,Recharge & bill payments,1530383400000,1538073000000,2018,3,andhra-pradesh
TOTAL,1225416,685277254.5076212,Merchant payments,1530383400000,1538073000000,2018,3,andhra-pradesh
TOTAL,380324,60790077.57437308,Financial Services,1530383400000,1538073000000,2018,3,andhra-pradesh
TOTAL,348725,284248675.5700202,Others,1530383400000,1538073000000,2018,3,andhra-pradesh
TOTAL,17580086,47011639726.13608,Peer-to-peer payments,1538332200000,1545935400000,2018,4,andhra-pradesh
TOTAL,9767083,2418164314.470957,Recharge & bill payments,1538332200000,1545935400000,2018,4,andhra-pradesh
TOTAL,2622131,1671585888.568256,Merchant payments,1538332200000,1545935400000,2018,4,andhra-pradesh
TOTAL,400837,57178116.40322068,Financial Services,1538332200000,1545935400000,2018,4,andhra-pradesh
TOTAL,389411,315211361.26249415,Others,1538332200000,1545935400000,2018,4,andhra-pradesh
TOTAL,37420988,77524329742.2595,Peer-to-peer payments,1546281000000,1553711400000,2019,1,andhra-pradesh
TOTAL,14022264,3480641602.3771377,Recharge & bill payments,1546281000000,1553711400000,2019,1,andhra-pradesh
TOTAL,5043682,2423536770.3706346,Merchant payments,1546281000000,1553711400000,2019,1,andhra-pradesh
TOTAL,416325,47150177.52982048,Financial Services,1546281000000,1553711400000,2019,1,andhra-pradesh
TOTAL,361263,284937624.5393019,Others,1546281000000,1553711400000,2019,1,andhra-pradesh
TOTAL,32494402,103924649232.47021,Peer-to-peer payments,1554057000000,1561660200000,2019,2,andhra-pradesh
TOTAL,14093964,4708345387.9101095,Recharge & bill payments,1554057000000,1561660200000,2019,2,andhra-pradesh
TOTAL,9226537,4613405202.681959,Merchant payments,1554057000000,1561660200000,2019,2,andhra-pradesh
TOTAL,145310,26626696.771042537,Financial Services,1554057000000,1561660200000,2019,2,andhra-pradesh
TOTAL,448802,361492238.3966455,Others,1554057000000,1561660200000,2019,2,andhra-pradesh
TOTAL,39023491,124338645329.51532,Peer-to-peer payments,1561919400000,1569609000000,2019,3,andhra-pradesh
TOTAL,20147629,6893984676.598906,Recharge & bill payments,1561919400000,1569609000000,2019,3,andhra-pradesh
TOTAL,16581787,7887394038.066369,Merchant payments,1561919400000,1569609000000,2019,3,andhra-pradesh
TOTAL,122270,29778183.027080443,Financial Services,1561919400000,1569609000000,2019,3,andhra-pradesh
TOTAL,413437,298142027.58625776,Others,1561919400000,1569609000000,2019,3,andhra-pradesh
TOTAL,57181511,178893550050.68753,Peer-to-peer payments,1569868200000,1577471400000,2019,4,andhra-pradesh
TOTAL,25122370,13476303367.50486,Merchant payments,1569868200000,1577471400000,2019,4,andhra-pradesh
TOTAL,24469888,8335168605.691999,Recharge & bill payments,1569868200000,1577471400000,2019,4,andhra-pradesh
TOTAL,105662,26796571.745749153,Financial Services,1569868200000,1577471400000,2019,4,andhra-pradesh
TOTAL,338672,216496893.16102877,Others,1569868200000,1577471400000,2019,4,andhra-pradesh
TOTAL,65452143,223088554055.04755,Peer-to-peer payments,1577817000000,1585333800000,2020,1,andhra-pradesh
TOTAL,31408022,18603161784.496994,Merchant payments,1577817000000,1585333800000,2020,1,andhra-pradesh
TOTAL,30449644,10813530777.973532,Recharge & bill payments,1577817000000,1585333800000,2020,1,andhra-pradesh
TOTAL,75238,43739133.169823855,Financial Services,1577817000000,1585333800000,2020,1,andhra-pradesh
TOTAL,292310,188228538.37489766,Others,1577817000000,1585333800000,2020,1,andhra-pradesh
TOTAL,73609921,262731724130.7907,Peer-to-peer payments,1585679400000,1593282600000,2020,2,andhra-pradesh
TOTAL,41013987,16991006436.573467,Recharge & bill payments,1585679400000,1593282600000,2020,2,andhra-pradesh
TOTAL,29976765,22625596525.44269,Merchant payments,1585679400000,1593282600000,2020,2,andhra-pradesh
TOTAL,140941,145274999.15679634,Financial Services,1585679400000,1593282600000,2020,2,andhra-pradesh
TOTAL,176241,90087654.60009979,Others,1585679400000,1593282600000,2020,2,andhra-pradesh
TOTAL,106791894,406461788252.32056,Peer-to-peer payments,1593541800000,1601231400000,2020,3,andhra-pradesh
TOTAL,54055557,40739580213.86052,Merchant payments,1593541800000,1601231400000,2020,3,andhra-pradesh
TOTAL,43500067,19475104674.827175,Recharge & bill payments,1593541800000,1601231400000,2020,3,andhra-pradesh
TOTAL,243088,256074924.7187529,Financial Services,1593541800000,1601231400000,2020,3,andhra-pradesh
TOTAL,312329,151582519.18136686,Others,1593541800000,1601231400000,2020,3,andhra-pradesh
TOTAL,152003791,566639138543.7708,Peer-to-peer payments,1601490600000,1609093800000,2020,4,andhra-pradesh
TOTAL,86581460,66654048149.95168,Merchant payments,1601490600000,1609093800000,2020,4,andhra-pradesh
TOTAL,46810304,20936337211.557747,Recharge & bill payments,1601490600000,1609093800000,2020,4,andhra-pradesh
TOTAL,265470,305168772.45601684,Financial Services,1601490600000,1609093800000,2020,4,andhra-pradesh
TOTAL,457527,306853355.59473807,Others,1601490600000,1609093800000,2020,4,andhra-pradesh
TOTAL,149313738,580542193013.0018,Peer-to-peer payments,1609439400000,1616869800000,2021,1,andhra-pradesh
TOTAL,97920281,70813192713.43477,Merchant payments,1609439400000,1616869800000,2021,1,andhra-pradesh
TOTAL,41940689,20546424964.14482,Recharge & bill payments,1609439400000,1616869800000,2021,1,andhra-pradesh
TOTAL,225355,270313028.48452014,Financial Services,1609439400000,1616869800000,2021,1,andhra-pradesh
TOTAL,347907,272546457.5502677,Others,1609439400000,1616869800000,2021,1,andhra-pradesh
TOTAL,189614879,737004484057.439,Peer-to-peer payments,1617215400000,1624818600000,2021,2,andhra-pradesh
TOTAL,112875274,88512429436.91248,Merchant payments,1617215400000,1624818600000,2021,2,andhra-pradesh
TOTAL,49626902,24646800345.106976,Recharge & bill payments,1617215400000,1624818600000,2021,2,andhra-pradesh
TOTAL,243237,265483044.40124667,Financial Services,1617215400000,1624818600000,2021,2,andhra-pradesh
TOTAL,406842,308302224.3856007,Others,1617215400000,1624818600000,2021,2,andhra-pradesh
TOTAL,221280317,837841124664.307,Peer-to-peer payments,1625077800000,1632767400000,2021,3,andhra-pradesh
TOTAL,158290953,118164377968.16754,Merchant payments,1625077800000,1632767400000,2021,3,andhra-pradesh
TOTAL,51702350,27511344958.24361,Recharge & bill payments,1625077800000,1632767400000,2021,3,andhra-pradesh
TOTAL,211171,297239697.83073866,Financial Services,1625077800000,1632767400000,2021,3,andhra-pradesh
TOTAL,547759,403948275.56756073,Others,1625077800000,1632767400000,2021,3,andhra-pradesh
TOTAL,262006450,971269765249.1282,Peer-to-peer payments,1633026600000,1640629800000,2021,4,andhra-pradesh
TOTAL,207538904,152883933596.5386,Merchant payments,1633026600000,1640629800000,2021,4,andhra-pradesh
TOTAL,51762842,31232784713.985794,Recharge & bill payments,1633026600000,1640629800000,2021,4,andhra-pradesh
TOTAL,243951,332740108.6635881,Financial Services,1633026600000,1640629800000,2021,4,andhra-pradesh
TOTAL,701856,545223415.6638832,Others,1633026600000,1640629800000,2021,4,andhra-pradesh
TOTAL,28729,5184132.514934338,Recharge & bill payments,1514745000000,1522175400000,2018,1,arunachal-pradesh
TOTAL,13320,82889682.72418305,Peer-to-peer payments,1514745000000,1522175400000,2018,1,arunachal-pradesh
TOTAL,1042,2420374.1905855755,Merchant payments,1514745000000,1522175400000,2018,1,arunachal-pradesh
TOTAL,416,58893.76201533088,Financial Services,1514745000000,1522175400000,2018,1,arunachal-pradesh
TOTAL,1990,1834252.8176908877,Others,1514745000000,1522175400000,2018,1,arunachal-pradesh
TOTAL,50700,10468878.537107183,Recharge & bill payments,1522521000000,1530124200000,2018,2,arunachal-pradesh
TOTAL,26477,181576281.19464755,Peer-to-peer payments,1522521000000,1530124200000,2018,2,arunachal-pradesh
TOTAL,2378,4718953.439561011,Merchant payments,1522521000000,1530124200000,2018,2,arunachal-pradesh
TOTAL,559,363761.80159549194,Financial Services,1522521000000,1530124200000,2018,2,arunachal-pradesh
TOTAL,2043,1842317.3691352482,Others,1522521000000,1530124200000,2018,2,arunachal-pradesh
TOTAL,74122,15997565.906016497,Recharge & bill payments,1530383400000,1538073000000,2018,3,arunachal-pradesh
TOTAL,49740,308106303.45342577,Peer-to-peer payments,1530383400000,1538073000000,2018,3,arunachal-pradesh
TOTAL,4738,5505694.567913429,Merchant payments,1530383400000,1538073000000,2018,3,arunachal-pradesh
TOTAL,507,72133.845254878,Financial Services,1530383400000,1538073000000,2018,3,arunachal-pradesh
TOTAL,2039,2044708.9687807972,Others,1530383400000,1538073000000,2018,3,arunachal-pradesh
TOTAL,97751,20662691.882313278,Recharge & bill payments,1538332200000,1545935400000,2018,4,arunachal-pradesh
TOTAL,68169,468831493.2328036,Peer-to-peer payments,1538332200000,1545935400000,2018,4,arunachal-pradesh
TOTAL,7726,11998974.1040326,Merchant payments,1538332200000,1545935400000,2018,4,arunachal-pradesh
TOTAL,561,100597.90379906222,Financial Services,1538332200000,1545935400000,2018,4,arunachal-pradesh
TOTAL,2222,2446271.9688117937,Others,1538332200000,1545935400000,2018,4,arunachal-pradesh
TOTAL,121303,26796894.998233315,Recharge & bill payments,1546281000000,1553711400000,2019,1,arunachal-pradesh
TOTAL,93494,568554821.4456317,Peer-to-peer payments,1546281000000,1553711400000,2019,1,arunachal-pradesh
TOTAL,9214,11727218.401334248,Merchant payments,1546281000000,1553711400000,2019,1,arunachal-pradesh
TOTAL,256,140622.87093631705,Financial Services,1546281000000,1553711400000,2019,1,arunachal-pradesh
TOTAL,2239,2730548.5978140826,Others,1546281000000,1553711400000,2019,1,arunachal-pradesh
TOTAL,131988,30420803.41271234,Recharge & bill payments,1554057000000,1561660200000,2019,2,arunachal-pradesh
TOTAL,106527,704237943.4054435,Peer-to-peer payments,1554057000000,1561660200000,2019,2,arunachal-pradesh
TOTAL,16828,13955724.130712911,Merchant payments,1554057000000,1561660200000,2019,2,arunachal-pradesh
TOTAL,267,160660.8821362781,Financial Services,1554057000000,1561660200000,2019,2,arunachal-pradesh
TOTAL,3046,3880742.524023137,Others,1554057000000,1561660200000,2019,2,arunachal-pradesh
TOTAL,216228,50946104.94289842,Recharge & bill payments,1561919400000,1569609000000,2019,3,arunachal-pradesh
TOTAL,133484,841037395.2474606,Peer-to-peer payments,1561919400000,1569609000000,2019,3,arunachal-pradesh
TOTAL,16900,17178248.07427002,Merchant payments,1561919400000,1569609000000,2019,3,arunachal-pradesh
TOTAL,864,64089.11350267195,Financial Services,1561919400000,1569609000000,2019,3,arunachal-pradesh
TOTAL,2758,3419197.4177385764,Others,1561919400000,1569609000000,2019,3,arunachal-pradesh
TOTAL,259183,63516906.09060433,Recharge & bill payments,1569868200000,1577471400000,2019,4,arunachal-pradesh
TOTAL,177833,1100137447.9340453,Peer-to-peer payments,1569868200000,1577471400000,2019,4,arunachal-pradesh
TOTAL,19769,23192271.691576812,Merchant payments,1569868200000,1577471400000,2019,4,arunachal-pradesh
TOTAL,314,305379.7987782319,Financial Services,1569868200000,1577471400000,2019,4,arunachal-pradesh
TOTAL,2376,3421174.01227797,Others,1569868200000,1577471400000,2019,4,arunachal-pradesh
TOTAL,329834,86011654.77474582,Recharge & bill payments,1577817000000,1585333800000,2020,1,arunachal-pradesh
TOTAL,203429,1263912288.4066367,Peer-to-peer payments,1577817000000,1585333800000,2020,1,arunachal-pradesh
TOTAL,31181,28553052.133918796,Merchant payments,1577817000000,1585333800000,2020,1,arunachal-pradesh
TOTAL,470,337812.94816169393,Financial Services,1577817000000,1585333800000,2020,1,arunachal-pradesh
TOTAL,2261,2943873.0666838237,Others,1577817000000,1585333800000,2020,1,arunachal-pradesh
TOTAL,522495,145198528.22961134,Recharge & bill payments,1585679400000,1593282600000,2020,2,arunachal-pradesh
TOTAL,247861,1630654426.0441835,Peer-to-peer payments,1585679400000,1593282600000,2020,2,arunachal-pradesh
TOTAL,35169,46446966.612447515,Merchant payments,1585679400000,1593282600000,2020,2,arunachal-pradesh
TOTAL,1310,2655507.6964110374,Financial Services,1585679400000,1593282600000,2020,2,arunachal-pradesh
TOTAL,1939,1761404.4023099935,Others,1585679400000,1593282600000,2020,2,arunachal-pradesh
TOTAL,514907,153463816.21184397,Recharge & bill payments,1593541800000,1601231400000,2020,3,arunachal-pradesh
TOTAL,370418,2361603431.37578,Peer-to-peer payments,1593541800000,1601231400000,2020,3,arunachal-pradesh
TOTAL,72736,88145178.69272713,Merchant payments,1593541800000,1601231400000,2020,3,arunachal-pradesh
TOTAL,1761,4030599.9171272423,Financial Services,1593541800000,1601231400000,2020,3,arunachal-pradesh
TOTAL,3005,2695539.3607389224,Others,1593541800000,1601231400000,2020,3,arunachal-pradesh
TOTAL,522019,3254744938.4105625,Peer-to-peer payments,1601490600000,1609093800000,2020,4,arunachal-pradesh
TOTAL,513895,152389181.21743062,Recharge & bill payments,1601490600000,1609093800000,2020,4,arunachal-pradesh
TOTAL,167387,156682926.02384603,Merchant payments,1601490600000,1609093800000,2020,4,arunachal-pradesh
TOTAL,1749,2391651.8783250954,Financial Services,1601490600000,1609093800000,2020,4,arunachal-pradesh
TOTAL,4079,4055324.315454754,Others,1601490600000,1609093800000,2020,4,arunachal-pradesh
TOTAL,566209,3460488558.9436507,Peer-to-peer payments,1609439400000,1616869800000,2021,1,arunachal-pradesh
TOTAL,450649,142358376.9003836,Recharge & bill payments,1609439400000,1616869800000,2021,1,arunachal-pradesh
TOTAL,155966,204958020.0891498,Merchant payments,1609439400000,1616869800000,2021,1,arunachal-pradesh
TOTAL,1558,2672460.4740365944,Financial Services,1609439400000,1616869800000,2021,1,arunachal-pradesh
TOTAL,3074,3301662.6094231335,Others,1609439400000,1616869800000,2021,1,arunachal-pradesh
TOTAL,762946,4000960152.0755496,Peer-to-peer payments,1617215400000,1624818600000,2021,2,arunachal-pradesh
TOTAL,556680,165579844.25105897,Recharge & bill payments,1617215400000,1624818600000,2021,2,arunachal-pradesh
TOTAL,243375,283709438.5363142,Merchant payments,1617215400000,1624818600000,2021,2,arunachal-pradesh
TOTAL,1582,2761076.7934988844,Financial Services,1617215400000,1624818600000,2021,2,arunachal-pradesh
TOTAL,3755,3415105.3379601175,Others,1617215400000,1624818600000,2021,2,arunachal-pradesh
TOTAL,986088,5033603845.032885,Peer-to-peer payments,1625077800000,1632767400000,2021,3,arunachal-pradesh
TOTAL,600102,187390578.30403775,Recharge & bill payments,1625077800000,1632767400000,2021,3,arunachal-pradesh
TOTAL,314658,449869060.7842621,Merchant payments,1625077800000,1632767400000,2021,3,arunachal-pradesh
TOTAL,1934,3348547.8272713376,Financial Services,1625077800000,1632767400000,2021,3,arunachal-pradesh
TOTAL,4185,3912143.3503634185,Others,1625077800000,1632767400000,2021,3,arunachal-pradesh
TOTAL,1227616,6022733378.120082,Peer-to-peer payments,1633026600000,1640629800000,2021,4,arunachal-pradesh
TOTAL,633248,207784816.33218512,Recharge & bill payments,1633026600000,1640629800000,2021,4,arunachal-pradesh
TOTAL,521447,704195694.9939187,Merchant payments,1633026600000,1640629800000,2021,4,arunachal-pradesh
TOTAL,2386,3933557.2795471298,Financial Services,1633026600000,1640629800000,2021,4,arunachal-pradesh
TOTAL,5901,4862905.885615055,Others,1633026600000,1640629800000,2021,4,arunachal-pradesh
TOTAL,632092,93491181.14056379,Recharge & bill payments,1514745000000,1522175400000,2018,1,assam
TOTAL,318025,993525195.9818655,Peer-to-peer payments,1514745000000,1522175400000,2018,1,assam
TOTAL,40482,34501622.89266755,Merchant payments,1514745000000,1522175400000,2018,1,assam
TOTAL,18172,4936862.200688562,Financial Services,1514745000000,1522175400000,2018,1,assam
TOTAL,48110,31349593.99668264,Others,1514745000000,1522175400000,2018,1,assam
TOTAL,984160,174427478.21340805,Recharge & bill payments,1522521000000,1530124200000,2018,2,assam
TOTAL,530781,2064314053.1339972,Peer-to-peer payments,1522521000000,1530124200000,2018,2,assam
TOTAL,79307,73366344.80739225,Merchant payments,1522521000000,1530124200000,2018,2,assam
TOTAL,22773,7051504.657611102,Financial Services,1522521000000,1530124200000,2018,2,assam
TOTAL,46852,31425754.725386057,Others,1522521000000,1530124200000,2018,2,assam
TOTAL,1275136,254569069.32411742,Recharge & bill payments,1530383400000,1538073000000,2018,3,assam
TOTAL,843571,3424136709.5088205,Peer-to-peer payments,1530383400000,1538073000000,2018,3,assam
TOTAL,159532,96783839.37466942,Merchant payments,1530383400000,1538073000000,2018,3,assam
TOTAL,22677,4741123.821880115,Financial Services,1530383400000,1538073000000,2018,3,assam
TOTAL,50935,30904247.884785894,Others,1530383400000,1538073000000,2018,3,assam
TOTAL,1703488,317661277.3470997,Recharge & bill payments,1538332200000,1545935400000,2018,4,assam
TOTAL,1279089,5284776455.070784,Peer-to-peer payments,1538332200000,1545935400000,2018,4,assam
TOTAL,667293,240563395.2777939,Merchant payments,1538332200000,1545935400000,2018,4,assam
TOTAL,28035,6331912.52655252,Financial Services,1538332200000,1545935400000,2018,4,assam
TOTAL,56267,38689818.79087821,Others,1538332200000,1545935400000,2018,4,assam
TOTAL,1993220,400281677.94382846,Recharge & bill payments,1546281000000,1553711400000,2019,1,assam
TOTAL,1976310,7291433300.700247,Peer-to-peer payments,1546281000000,1553711400000,2019,1,assam
TOTAL,494871,266644645.74929428,Merchant payments,1546281000000,1553711400000,2019,1,assam
TOTAL,20162,4612454.1127945455,Financial Services,1546281000000,1553711400000,2019,1,assam
TOTAL,48442,39127457.944687635,Others,1546281000000,1553711400000,2019,1,assam
TOTAL,2512932,539315772.8606573,Recharge & bill payments,1554057000000,1561660200000,2019,2,assam
TOTAL,2293770,10035232820.852964,Peer-to-peer payments,1554057000000,1561660200000,2019,2,assam
TOTAL,573646,326844709.5879724,Merchant payments,1554057000000,1561660200000,2019,2,assam
TOTAL,13654,4037222.414240564,Financial Services,1554057000000,1561660200000,2019,2,assam
TOTAL,60927,49538663.41037582,Others,1554057000000,1561660200000,2019,2,assam
TOTAL,2713539,11835800855.176552,Peer-to-peer payments,1561919400000,1569609000000,2019,3,assam
TOTAL,2645302,639885372.7480905,Recharge & bill payments,1561919400000,1569609000000,2019,3,assam
TOTAL,513728,421380275.4207429,Merchant payments,1561919400000,1569609000000,2019,3,assam
TOTAL,8606,6403456.344768786,Financial Services,1561919400000,1569609000000,2019,3,assam
TOTAL,61396,46973660.73634353,Others,1561919400000,1569609000000,2019,3,assam
TOTAL,3222143,14083346879.361855,Peer-to-peer payments,1569868200000,1577471400000,2019,4,assam
TOTAL,2937800,704118873.972094,Recharge & bill payments,1569868200000,1577471400000,2019,4,assam
TOTAL,544053,456318130.082201,Merchant payments,1569868200000,1577471400000,2019,4,assam
TOTAL,9621,3492255.0860687294,Financial Services,1569868200000,1577471400000,2019,4,assam
TOTAL,46893,34707757.009855896,Others,1569868200000,1577471400000,2019,4,assam
TOTAL,4058740,18977446151.768826,Peer-to-peer payments,1577817000000,1585333800000,2020,1,assam
TOTAL,3897975,971722606.1579468,Recharge & bill payments,1577817000000,1585333800000,2020,1,assam
TOTAL,792646,675423852.9512749,Merchant payments,1577817000000,1585333800000,2020,1,assam
TOTAL,10173,7054325.507515656,Financial Services,1577817000000,1585333800000,2020,1,assam
TOTAL,49326,36781411.34368035,Others,1577817000000,1585333800000,2020,1,assam
TOTAL,6045321,1612522828.7163475,Recharge & bill payments,1585679400000,1593282600000,2020,2,assam
TOTAL,3648386,17358374071.26616,Peer-to-peer payments,1585679400000,1593282600000,2020,2,assam
TOTAL,742400,749018053.2400584,Merchant payments,1585679400000,1593282600000,2020,2,assam
TOTAL,19814,18130004.687672265,Financial Services,1585679400000,1593282600000,2020,2,assam
TOTAL,49278,28255168.009208795,Others,1585679400000,1593282600000,2020,2,assam
TOTAL,5637893,26646565777.43919,Peer-to-peer payments,1593541800000,1601231400000,2020,3,assam
TOTAL,5292154,1627282415.9451878,Recharge & bill payments,1593541800000,1601231400000,2020,3,assam
TOTAL,1383230,1492484153.3873158,Merchant payments,1593541800000,1601231400000,2020,3,assam
TOTAL,24954,28452966.026372254,Financial Services,1593541800000,1601231400000,2020,3,assam
TOTAL,59480,36605946.74600269,Others,1593541800000,1601231400000,2020,3,assam
TOTAL,7538478,36013292450.814384,Peer-to-peer payments,1601490600000,1609093800000,2020,4,assam
TOTAL,5383505,1662189124.4177454,Recharge & bill payments,1601490600000,1609093800000,2020,4,assam
TOTAL,2392184,2466913305.59039,Merchant payments,1601490600000,1609093800000,2020,4,assam
TOTAL,29764,32314809.975261033,Financial Services,1601490600000,1609093800000,2020,4,assam
TOTAL,79523,51901628.46643049,Others,1601490600000,1609093800000,2020,4,assam
TOTAL,9449096,45476079487.10464,Peer-to-peer payments,1609439400000,1616869800000,2021,1,assam
TOTAL,6494111,2103017761.546533,Recharge & bill payments,1609439400000,1616869800000,2021,1,assam
TOTAL,3459132,3657261586.2001615,Merchant payments,1609439400000,1616869800000,2021,1,assam
TOTAL,34049,41291047.3832124,Financial Services,1609439400000,1616869800000,2021,1,assam
TOTAL,75672,48814663.88782827,Others,1609439400000,1616869800000,2021,1,assam
TOTAL,11668399,51521387890.61253,Peer-to-peer payments,1617215400000,1624818600000,2021,2,assam
TOTAL,9058005,2657676415.2458973,Recharge & bill payments,1617215400000,1624818600000,2021,2,assam
TOTAL,4562669,4914753140.040101,Merchant payments,1617215400000,1624818600000,2021,2,assam
TOTAL,49671,46106001.498141706,Financial Services,1617215400000,1624818600000,2021,2,assam
TOTAL,94161,52549929.267157935,Others,1617215400000,1624818600000,2021,2,assam
TOTAL,15617592,64131823895.235466,Peer-to-peer payments,1625077800000,1632767400000,2021,3,assam
TOTAL,10284267,3248364164.1984267,Recharge & bill payments,1625077800000,1632767400000,2021,3,assam
TOTAL,7431371,8208706348.034584,Merchant payments,1625077800000,1632767400000,2021,3,assam
TOTAL,39479,43889820.495989755,Financial Services,1625077800000,1632767400000,2021,3,assam
TOTAL,131732,67715045.34317216,Others,1625077800000,1632767400000,2021,3,assam
TOTAL,21393962,86801625126.53499,Peer-to-peer payments,1633026600000,1640629800000,2021,4,assam
TOTAL,12895755,13378765005.905182,Merchant payments,1633026600000,1640629800000,2021,4,assam
TOTAL,11484376,3842004488.3733196,Recharge & bill payments,1633026600000,1640629800000,2021,4,assam
TOTAL,60724,65456475.826191336,Financial Services,1633026600000,1640629800000,2021,4,assam
TOTAL,185544,97116796.57575196,Others,1633026600000,1640629800000,2021,4,assam
TOTAL,3159922,375559206.7727593,Recharge & bill payments,1514745000000,1522175400000,2018,1,bihar
TOTAL,2052089,5295346761.45083,Peer-to-peer payments,1514745000000,1522175400000,2018,1,bihar
TOTAL,194295,33999413.87739952,Financial Services,1514745000000,1522175400000,2018,1,bihar
TOTAL,138885,139827755.73655012,Merchant payments,1514745000000,1522175400000,2018,1,bihar
TOTAL,279111,201025034.17960182,Others,1514745000000,1522175400000,2018,1,bihar
TOTAL,4346849,700649777.0602969,Recharge & bill payments,1522521000000,1530124200000,2018,2,bihar
TOTAL,3447898,12141448845.077621,Peer-to-peer payments,1522521000000,1530124200000,2018,2,bihar
TOTAL,311487,318571872.8216527,Merchant payments,1522521000000,1530124200000,2018,2,bihar
TOTAL,267433,45332532.096432865,Financial Services,1522521000000,1530124200000,2018,2,bihar
TOTAL,258711,300128082.6160458,Others,1522521000000,1530124200000,2018,2,bihar
TOTAL,8893764,18695889187.89432,Peer-to-peer payments,1530383400000,1538073000000,2018,3,bihar
TOTAL,4401439,804061398.5166465,Recharge & bill payments,1530383400000,1538073000000,2018,3,bihar
TOTAL,586862,367608510.7261781,Merchant payments,1530383400000,1538073000000,2018,3,bihar
TOTAL,274510,33276460.45213346,Financial Services,1530383400000,1538073000000,2018,3,bihar
TOTAL,211229,234968821.31206354,Others,1530383400000,1538073000000,2018,3,bihar
TOTAL,8094296,26224303882.80399,Peer-to-peer payments,1538332200000,1545935400000,2018,4,bihar
TOTAL,5469096,986310785.0093702,Recharge & bill payments,1538332200000,1545935400000,2018,4,bihar
TOTAL,1680664,848968693.0665624,Merchant payments,1538332200000,1545935400000,2018,4,bihar
TOTAL,237247,36199427.51318769,Financial Services,1538332200000,1545935400000,2018,4,bihar
TOTAL,251098,302214380.18458414,Others,1538332200000,1545935400000,2018,4,bihar
TOTAL,16807040,38824078062.32093,Peer-to-peer payments,1546281000000,1553711400000,2019,1,bihar
TOTAL,7036367,1333688182.5386746,Recharge & bill payments,1546281000000,1553711400000,2019,1,bihar
TOTAL,2055267,1024996999.5279309,Merchant payments,1546281000000,1553711400000,2019,1,bihar
TOTAL,204689,28599535.734409343,Financial Services,1546281000000,1553711400000,2019,1,bihar
TOTAL,252871,291464734.4043106,Others,1546281000000,1553711400000,2019,1,bihar
TOTAL,15837449,58381285240.80835,Peer-to-peer payments,1554057000000,1561660200000,2019,2,bihar
TOTAL,9279442,1996804238.2749753,Recharge & bill payments,1554057000000,1561660200000,2019,2,bihar
TOTAL,4365465,2308145849.844257,Merchant payments,1554057000000,1561660200000,2019,2,bihar
TOTAL,129603,63338108.53755434,Financial Services,1554057000000,1561660200000,2019,2,bihar
TOTAL,348520,382864846.0767575,Others,1554057000000,1561660200000,2019,2,bihar
TOTAL,15446119,61831776093.09613,Peer-to-peer payments,1561919400000,1569609000000,2019,3,bihar
TOTAL,9115040,2140566974.705637,Recharge & bill payments,1561919400000,1569609000000,2019,3,bihar
TOTAL,7206001,3413490288.3137074,Merchant payments,1561919400000,1569609000000,2019,3,bihar
TOTAL,89997,20145460.42764103,Financial Services,1561919400000,1569609000000,2019,3,bihar
TOTAL,282743,286804437.7358033,Others,1561919400000,1569609000000,2019,3,bihar
TOTAL,26337842,86340631422.24606,Peer-to-peer payments,1569868200000,1577471400000,2019,4,bihar
TOTAL,11358597,2649616529.830146,Recharge & bill payments,1569868200000,1577471400000,2019,4,bihar
TOTAL,5519582,4177574379.0405855,Merchant payments,1569868200000,1577471400000,2019,4,bihar
TOTAL,100192,18815964.761792127,Financial Services,1569868200000,1577471400000,2019,4,bihar
TOTAL,214101,126788281.9306988,Others,1569868200000,1577471400000,2019,4,bihar
TOTAL,23163922,99873688132.9031,Peer-to-peer payments,1577817000000,1585333800000,2020,1,bihar
TOTAL,13837430,3680590624.9006104,Recharge & bill payments,1577817000000,1585333800000,2020,1,bihar
TOTAL,7822567,5562692116.5708065,Merchant payments,1577817000000,1585333800000,2020,1,bihar
TOTAL,57233,23954789.407903705,Financial Services,1577817000000,1585333800000,2020,1,bihar
TOTAL,200663,115927863.46366584,Others,1577817000000,1585333800000,2020,1,bihar
TOTAL,26572651,116244368941.33606,Peer-to-peer payments,1585679400000,1593282600000,2020,2,bihar
TOTAL,19522564,5642294772.453551,Recharge & bill payments,1585679400000,1593282600000,2020,2,bihar
TOTAL,7011681,6760404421.62296,Merchant payments,1585679400000,1593282600000,2020,2,bihar
TOTAL,73119,54077813.2606806,Financial Services,1585679400000,1593282600000,2020,2,bihar
TOTAL,206727,105377680.17075577,Others,1585679400000,1593282600000,2020,2,bihar
TOTAL,37294332,153664683751.53278,Peer-to-peer payments,1593541800000,1601231400000,2020,3,bihar
TOTAL,19027978,6313780616.601829,Recharge & bill payments,1593541800000,1601231400000,2020,3,bihar
TOTAL,14777337,13111735855.02769,Merchant payments,1593541800000,1601231400000,2020,3,bihar
TOTAL,104135,81355476.16367023,Financial Services,1593541800000,1601231400000,2020,3,bihar
TOTAL,299966,157309412.49242482,Others,1593541800000,1601231400000,2020,3,bihar
TOTAL,49432098,208484557891.42865,Peer-to-peer payments,1601490600000,1609093800000,2020,4,bihar
TOTAL,26750991,23185594534.30522,Merchant payments,1601490600000,1609093800000,2020,4,bihar
TOTAL,19908687,6926960996.688756,Recharge & bill payments,1601490600000,1609093800000,2020,4,bihar
TOTAL,119416,100785736.00790763,Financial Services,1601490600000,1609093800000,2020,4,bihar
TOTAL,380481,207713978.04223877,Others,1601490600000,1609093800000,2020,4,bihar
TOTAL,58566582,242013312361.31104,Peer-to-peer payments,1609439400000,1616869800000,2021,1,bihar
TOTAL,33959313,30171144593.369873,Merchant payments,1609439400000,1616869800000,2021,1,bihar
TOTAL,21974086,8505455545.448764,Recharge & bill payments,1609439400000,1616869800000,2021,1,bihar
TOTAL,124277,112949858.25028673,Financial Services,1609439400000,1616869800000,2021,1,bihar
TOTAL,308219,170787342.8481179,Others,1609439400000,1616869800000,2021,1,bihar
TOTAL,78694099,319758683264.15344,Peer-to-peer payments,1617215400000,1624818600000,2021,2,bihar
TOTAL,44686786,43458914639.77138,Merchant payments,1617215400000,1624818600000,2021,2,bihar
TOTAL,31646149,11030849713.502428,Recharge & bill payments,1617215400000,1624818600000,2021,2,bihar
TOTAL,149791,116086345.91301711,Financial Services,1617215400000,1624818600000,2021,2,bihar
TOTAL,426797,215721223.2386405,Others,1617215400000,1624818600000,2021,2,bihar
TOTAL,92785704,331514102784.2631,Peer-to-peer payments,1625077800000,1632767400000,2021,3,bihar
TOTAL,64094961,53849745604.9643,Merchant payments,1625077800000,1632767400000,2021,3,bihar
TOTAL,30081746,11327303470.019915,Recharge & bill payments,1625077800000,1632767400000,2021,3,bihar
TOTAL,135748,130349071.61901987,Financial Services,1625077800000,1632767400000,2021,3,bihar
TOTAL,572954,241260025.54569885,Others,1625077800000,1632767400000,2021,3,bihar
TOTAL,117340712,423665098014.2792,Peer-to-peer payments,1633026600000,1640629800000,2021,4,bihar
TOTAL,95992559,81729122295.53772,Merchant payments,1633026600000,1640629800000,2021,4,bihar
TOTAL,30824177,13438634948.212643,Recharge & bill payments,1633026600000,1640629800000,2021,4,bihar
TOTAL,186298,173358268.82083318,Financial Services,1633026600000,1640629800000,2021,4,bihar
TOTAL,783199,365400541.9114517,Others,1633026600000,1640629800000,2021,4,bihar
TOTAL,201262,47479581.16264416,Recharge & bill payments,1514745000000,1522175400000,2018,1,chandigarh
TOTAL,135136,527998849.34055936,Peer-to-peer payments,1514745000000,1522175400000,2018,1,chandigarh
TOTAL,21431,19477066.533276718,Merchant payments,1514745000000,1522175400000,2018,1,chandigarh
TOTAL,8473,1865618.249949839,Financial Services,1514745000000,1522175400000,2018,1,chandigarh
TOTAL,15593,16614305.58119321,Others,1514745000000,1522175400000,2018,1,chandigarh
TOTAL,224548,76722906.67871952,Recharge & bill payments,1522521000000,1530124200000,2018,2,chandigarh
TOTAL,194627,835296156.4220204,Peer-to-peer payments,1522521000000,1530124200000,2018,2,chandigarh
TOTAL,34606,29408471.506333277,Merchant payments,1522521000000,1530124200000,2018,2,chandigarh
TOTAL,11927,3679451.8635118967,Financial Services,1522521000000,1530124200000,2018,2,chandigarh
TOTAL,13376,16116275.274144217,Others,1522521000000,1530124200000,2018,2,chandigarh
TOTAL,295358,1217617705.9681761,Peer-to-peer payments,1530383400000,1538073000000,2018,3,chandigarh
TOTAL,236445,100639674.6708905,Recharge & bill payments,1530383400000,1538073000000,2018,3,chandigarh
TOTAL,64998,37560565.97386869,Merchant payments,1530383400000,1538073000000,2018,3,chandigarh
TOTAL,7642,1302311.5967954171,Financial Services,1530383400000,1538073000000,2018,3,chandigarh
TOTAL,12493,12234189.324580798,Others,1530383400000,1538073000000,2018,3,chandigarh
TOTAL,431461,1793871702.3196409,Peer-to-peer payments,1538332200000,1545935400000,2018,4,chandigarh
TOTAL,310527,128130475.99274208,Recharge & bill payments,1538332200000,1545935400000,2018,4,chandigarh
TOTAL,135266,94010713.60616027,Merchant payments,1538332200000,1545935400000,2018,4,chandigarh
TOTAL,10008,2039811.3372037038,Financial Services,1538332200000,1545935400000,2018,4,chandigarh
TOTAL,17854,14538888.5242277,Others,1538332200000,1545935400000,2018,4,chandigarh
TOTAL,689400,2123866601.6513758,Peer-to-peer payments,1546281000000,1553711400000,2019,1,chandigarh
TOTAL,390610,161414934.10238376,Recharge & bill payments,1546281000000,1553711400000,2019,1,chandigarh
TOTAL,169984,97230471.44089967,Merchant payments,1546281000000,1553711400000,2019,1,chandigarh
TOTAL,7412,917030.9066760786,Financial Services,1546281000000,1553711400000,2019,1,chandigarh
TOTAL,17070,12603012.342693318,Others,1546281000000,1553711400000,2019,1,chandigarh
TOTAL,604849,2339922407.523348,Peer-to-peer payments,1554057000000,1561660200000,2019,2,chandigarh
TOTAL,342294,185659011.54417655,Recharge & bill payments,1554057000000,1561660200000,2019,2,chandigarh
TOTAL,277811,152766864.66190332,Merchant payments,1554057000000,1561660200000,2019,2,chandigarh
TOTAL,5590,839765.161351582,Financial Services,1554057000000,1561660200000,2019,2,chandigarh
TOTAL,21926,13928050.053676538,Others,1554057000000,1561660200000,2019,2,chandigarh
TOTAL,722233,2815184152.8041325,Peer-to-peer payments,1561919400000,1569609000000,2019,3,chandigarh
TOTAL,447069,226535908.8355719,Merchant payments,1561919400000,1569609000000,2019,3,chandigarh
TOTAL,308219,213884900.47217816,Recharge & bill payments,1561919400000,1569609000000,2019,3,chandigarh
TOTAL,2447,794918.674981478,Financial Services,1561919400000,1569609000000,2019,3,chandigarh
TOTAL,26575,13282206.873976795,Others,1561919400000,1569609000000,2019,3,chandigarh
TOTAL,927850,3586763928.6423693,Peer-to-peer payments,1569868200000,1577471400000,2019,4,chandigarh
TOTAL,561630,318692521.79224944,Merchant payments,1569868200000,1577471400000,2019,4,chandigarh
TOTAL,338203,237695594.96329552,Recharge & bill payments,1569868200000,1577471400000,2019,4,chandigarh
TOTAL,1911,654298.6785004465,Financial Services,1569868200000,1577471400000,2019,4,chandigarh
TOTAL,21321,8707473.86293627,Others,1569868200000,1577471400000,2019,4,chandigarh
TOTAL,1087401,4421372542.468033,Peer-to-peer payments,1577817000000,1585333800000,2020,1,chandigarh
TOTAL,764832,438193845.4527705,Merchant payments,1577817000000,1585333800000,2020,1,chandigarh
TOTAL,389851,257250007.2445577,Recharge & bill payments,1577817000000,1585333800000,2020,1,chandigarh
TOTAL,1574,1406138.1883251297,Financial Services,1577817000000,1585333800000,2020,1,chandigarh
TOTAL,18853,8230536.662513691,Others,1577817000000,1585333800000,2020,1,chandigarh
TOTAL,766698,3293060119.5471582,Peer-to-peer payments,1585679400000,1593282600000,2020,2,chandigarh
TOTAL,390906,331423259.0003719,Merchant payments,1585679400000,1593282600000,2020,2,chandigarh
TOTAL,361577,214425229.3354035,Recharge & bill payments,1585679400000,1593282600000,2020,2,chandigarh
TOTAL,1797,3982005.1176844486,Financial Services,1585679400000,1593282600000,2020,2,chandigarh
TOTAL,7032,4125116.689457224,Others,1585679400000,1593282600000,2020,2,chandigarh
TOTAL,981986,4178346395.412492,Peer-to-peer payments,1593541800000,1601231400000,2020,3,chandigarh
TOTAL,796634,604271248.9262259,Merchant payments,1593541800000,1601231400000,2020,3,chandigarh
TOTAL,366353,296964794.9657042,Recharge & bill payments,1593541800000,1601231400000,2020,3,chandigarh
TOTAL,2643,5254415.457263877,Financial Services,1593541800000,1601231400000,2020,3,chandigarh
TOTAL,10470,4972498.603385328,Others,1593541800000,1601231400000,2020,3,chandigarh
TOTAL,1322026,939307675.8510206,Merchant payments,1601490600000,1609093800000,2020,4,chandigarh
TOTAL,1159377,4872318731.339843,Peer-to-peer payments,1601490600000,1609093800000,2020,4,chandigarh
TOTAL,409997,320731281.94750684,Recharge & bill payments,1601490600000,1609093800000,2020,4,chandigarh
TOTAL,3346,4400109.748752326,Financial Services,1601490600000,1609093800000,2020,4,chandigarh
TOTAL,17970,10005102.462219946,Others,1601490600000,1609093800000,2020,4,chandigarh
TOTAL,1799072,1210594490.0981498,Merchant payments,1609439400000,1616869800000,2021,1,chandigarh
TOTAL,1472084,5916467167.303293,Peer-to-peer payments,1609439400000,1616869800000,2021,1,chandigarh
TOTAL,678396,451109555.33889335,Recharge & bill payments,1609439400000,1616869800000,2021,1,chandigarh
TOTAL,5111,7700394.761505902,Financial Services,1609439400000,1616869800000,2021,1,chandigarh
TOTAL,15574,10549252.044153867,Others,1609439400000,1616869800000,2021,1,chandigarh
TOTAL,1926913,1390989390.7789688,Merchant payments,1617215400000,1624818600000,2021,2,chandigarh
TOTAL,1663559,6541132352.922333,Peer-to-peer payments,1617215400000,1624818600000,2021,2,chandigarh
TOTAL,806710,467698864.6672056,Recharge & bill payments,1617215400000,1624818600000,2021,2,chandigarh
TOTAL,5502,7394941.032842191,Financial Services,1617215400000,1624818600000,2021,2,chandigarh
TOTAL,14863,10458390.53475552,Others,1617215400000,1624818600000,2021,2,chandigarh
TOTAL,3179506,2245390329.2047896,Merchant payments,1625077800000,1632767400000,2021,3,chandigarh
TOTAL,2434417,8927868098.340746,Peer-to-peer payments,1625077800000,1632767400000,2021,3,chandigarh
TOTAL,1008585,620437997.3899603,Recharge & bill payments,1625077800000,1632767400000,2021,3,chandigarh
TOTAL,5700,7960844.903971832,Financial Services,1625077800000,1632767400000,2021,3,chandigarh
TOTAL,21170,14225734.853836158,Others,1625077800000,1632767400000,2021,3,chandigarh
TOTAL,4056249,3041038519.8233976,Merchant payments,1633026600000,1640629800000,2021,4,chandigarh
TOTAL,2797561,10610461952.107159,Peer-to-peer payments,1633026600000,1640629800000,2021,4,chandigarh
TOTAL,1013153,693790747.2429855,Recharge & bill payments,1633026600000,1640629800000,2021,4,chandigarh
TOTAL,7038,10459431.863661807,Financial Services,1633026600000,1640629800000,2021,4,chandigarh
TOTAL,24902,17832859.58125159,Others,1633026600000,1640629800000,2021,4,chandigarh
TOTAL,1177618,206518662.81014803,Recharge & bill payments,1514745000000,1522175400000,2018,1,chhattisgarh
TOTAL,550697,1838238336.1663632,Peer-to-peer payments,1514745000000,1522175400000,2018,1,chhattisgarh
TOTAL,42411,39708474.15869055,Merchant payments,1514745000000,1522175400000,2018,1,chhattisgarh
TOTAL,33002,7350624.274461515,Financial Services,1514745000000,1522175400000,2018,1,chhattisgarh
TOTAL,87786,57339459.82710209,Others,1514745000000,1522175400000,2018,1,chhattisgarh
TOTAL,1643461,351709628.0901169,Recharge & bill payments,1522521000000,1530124200000,2018,2,chhattisgarh
TOTAL,933066,3703114547.658351,Peer-to-peer payments,1522521000000,1530124200000,2018,2,chhattisgarh
TOTAL,118438,129967815.18510856,Merchant payments,1522521000000,1530124200000,2018,2,chhattisgarh
TOTAL,40299,9405941.62707696,Financial Services,1522521000000,1530124200000,2018,2,chhattisgarh
TOTAL,80892,69972510.60099621,Others,1522521000000,1530124200000,2018,2,chhattisgarh
TOTAL,1911374,443460556.77590346,Recharge & bill payments,1530383400000,1538073000000,2018,3,chhattisgarh
TOTAL,1619886,5647949187.747948,Peer-to-peer payments,1530383400000,1538073000000,2018,3,chhattisgarh
TOTAL,220572,145342066.01377475,Merchant payments,1530383400000,1538073000000,2018,3,chhattisgarh
TOTAL,31927,6195179.156999446,Financial Services,1530383400000,1538073000000,2018,3,chhattisgarh
TOTAL,75845,59360083.75169004,Others,1530383400000,1538073000000,2018,3,chhattisgarh
TOTAL,2438959,554514488.4121984,Recharge & bill payments,1538332200000,1545935400000,2018,4,chhattisgarh
TOTAL,2342713,8450105299.480802,Peer-to-peer payments,1538332200000,1545935400000,2018,4,chhattisgarh
TOTAL,458091,331842964.57864183,Merchant payments,1538332200000,1545935400000,2018,4,chhattisgarh
TOTAL,42199,9709810.436343707,Financial Services,1538332200000,1545935400000,2018,4,chhattisgarh
TOTAL,83882,70240102.06349953,Others,1538332200000,1545935400000,2018,4,chhattisgarh
TOTAL,4068056,11417366152.388483,Peer-to-peer payments,1546281000000,1553711400000,2019,1,chhattisgarh
TOTAL,2997095,679458794.5442779,Recharge & bill payments,1546281000000,1553711400000,2019,1,chhattisgarh
TOTAL,710047,374735986.85082686,Merchant payments,1546281000000,1553711400000,2019,1,chhattisgarh
TOTAL,33835,5075418.743007188,Financial Services,1546281000000,1553711400000,2019,1,chhattisgarh
TOTAL,78636,67920032.80184662,Others,1546281000000,1553711400000,2019,1,chhattisgarh
TOTAL,4350167,15410038389.818308,Peer-to-peer payments,1554057000000,1561660200000,2019,2,chhattisgarh
TOTAL,3435305,855753107.510468,Recharge & bill payments,1554057000000,1561660200000,2019,2,chhattisgarh
TOTAL,1483870,654411637.0168115,Merchant payments,1554057000000,1561660200000,2019,2,chhattisgarh
TOTAL,22563,4237631.55442897,Financial Services,1554057000000,1561660200000,2019,2,chhattisgarh
TOTAL,98040,77914922.92227882,Others,1554057000000,1561660200000,2019,2,chhattisgarh
TOTAL,5021844,17584630267.779922,Peer-to-peer payments,1561919400000,1569609000000,2019,3,chhattisgarh
TOTAL,4335851,1069468753.7262831,Recharge & bill payments,1561919400000,1569609000000,2019,3,chhattisgarh
TOTAL,2772084,1074255588.7227576,Merchant payments,1561919400000,1569609000000,2019,3,chhattisgarh
TOTAL,16452,4542997.939180325,Financial Services,1561919400000,1569609000000,2019,3,chhattisgarh
TOTAL,96880,70361559.28538439,Others,1561919400000,1569609000000,2019,3,chhattisgarh
TOTAL,7241974,24112075521.017845,Peer-to-peer payments,1569868200000,1577471400000,2019,4,chhattisgarh
TOTAL,5112337,1257371454.8604,Recharge & bill payments,1569868200000,1577471400000,2019,4,chhattisgarh
TOTAL,3852716,1720930747.6285615,Merchant payments,1569868200000,1577471400000,2019,4,chhattisgarh
TOTAL,14974,4665759.804240476,Financial Services,1569868200000,1577471400000,2019,4,chhattisgarh
TOTAL,83757,48745253.90234077,Others,1569868200000,1577471400000,2019,4,chhattisgarh
TOTAL,8109789,28723854868.846924,Peer-to-peer payments,1577817000000,1585333800000,2020,1,chhattisgarh
TOTAL,6400067,1688995018.2209015,Recharge & bill payments,1577817000000,1585333800000,2020,1,chhattisgarh
TOTAL,4923214,2393811867.3887434,Merchant payments,1577817000000,1585333800000,2020,1,chhattisgarh
TOTAL,12424,7378557.223060286,Financial Services,1577817000000,1585333800000,2020,1,chhattisgarh
TOTAL,78497,46557359.6766012,Others,1577817000000,1585333800000,2020,1,chhattisgarh
TOTAL,8366200,2504355746.828547,Recharge & bill payments,1585679400000,1593282600000,2020,2,chhattisgarh
TOTAL,7216219,27351810047.608715,Peer-to-peer payments,1585679400000,1593282600000,2020,2,chhattisgarh
TOTAL,3158417,2361252112.419633,Merchant payments,1585679400000,1593282600000,2020,2,chhattisgarh
TOTAL,19986,17814454.60563486,Financial Services,1585679400000,1593282600000,2020,2,chhattisgarh
TOTAL,60103,33149845.438824516,Others,1585679400000,1593282600000,2020,2,chhattisgarh
TOTAL,9734445,34661165923.13037,Peer-to-peer payments,1593541800000,1601231400000,2020,3,chhattisgarh
TOTAL,8705513,2790720003.1373434,Recharge & bill payments,1593541800000,1601231400000,2020,3,chhattisgarh
TOTAL,5591916,3990179454.1880045,Merchant payments,1593541800000,1601231400000,2020,3,chhattisgarh
TOTAL,34893,39141096.45070238,Financial Services,1593541800000,1601231400000,2020,3,chhattisgarh
TOTAL,81772,45538330.62766186,Others,1593541800000,1601231400000,2020,3,chhattisgarh
TOTAL,14257312,50812302052.952705,Peer-to-peer payments,1601490600000,1609093800000,2020,4,chhattisgarh
TOTAL,11677743,8238390462.202984,Merchant payments,1601490600000,1609093800000,2020,4,chhattisgarh
TOTAL,9423324,3033918783.208999,Recharge & bill payments,1601490600000,1609093800000,2020,4,chhattisgarh
TOTAL,41308,48082346.06124696,Financial Services,1601490600000,1609093800000,2020,4,chhattisgarh
TOTAL,129949,82280639.52262866,Others,1601490600000,1609093800000,2020,4,chhattisgarh
TOTAL,15621154,55638916992.13896,Peer-to-peer payments,1609439400000,1616869800000,2021,1,chhattisgarh
TOTAL,15222763,10661449529.109669,Merchant payments,1609439400000,1616869800000,2021,1,chhattisgarh
TOTAL,8456094,3000977538.840563,Recharge & bill payments,1609439400000,1616869800000,2021,1,chhattisgarh
TOTAL,37395,40387648.84021996,Financial Services,1609439400000,1616869800000,2021,1,chhattisgarh
TOTAL,99031,68111552.62215017,Others,1609439400000,1616869800000,2021,1,chhattisgarh
TOTAL,18387345,62134058797.4359,Peer-to-peer payments,1617215400000,1624818600000,2021,2,chhattisgarh
TOTAL,15369311,12828590761.713423,Merchant payments,1617215400000,1624818600000,2021,2,chhattisgarh
TOTAL,10764784,3640692364.165052,Recharge & bill payments,1617215400000,1624818600000,2021,2,chhattisgarh
TOTAL,40213,39620256.36433959,Financial Services,1617215400000,1624818600000,2021,2,chhattisgarh
TOTAL,127767,85809079.54731184,Others,1617215400000,1624818600000,2021,2,chhattisgarh
TOTAL,27552743,19905616746.805294,Merchant payments,1625077800000,1632767400000,2021,3,chhattisgarh
TOTAL,25447410,80506858751.32883,Peer-to-peer payments,1625077800000,1632767400000,2021,3,chhattisgarh
TOTAL,11039088,4045490947.2382197,Recharge & bill payments,1625077800000,1632767400000,2021,3,chhattisgarh
TOTAL,38817,48855662.40142638,Financial Services,1625077800000,1632767400000,2021,3,chhattisgarh
TOTAL,159880,99286155.00295877,Others,1625077800000,1632767400000,2021,3,chhattisgarh
TOTAL,40526025,29283695601.229546,Merchant payments,1633026600000,1640629800000,2021,4,chhattisgarh
TOTAL,32799167,102177997315.68285,Peer-to-peer payments,1633026600000,1640629800000,2021,4,chhattisgarh
TOTAL,11115444,4724827139.9519415,Recharge & bill payments,1633026600000,1640629800000,2021,4,chhattisgarh
TOTAL,55237,66445873.296120845,Financial Services,1633026600000,1640629800000,2021,4,chhattisgarh
TOTAL,221621,146144588.65236923,Others,1633026600000,1640629800000,2021,4,chhattisgarh
TOTAL,95544,17526369.5804541,Recharge & bill payments,1514745000000,1522175400000,2018,1,dadra-&-nagar-haveli-&-daman-&-diu
TOTAL,44599,151966933.24607396,Peer-to-peer payments,1514745000000,1522175400000,2018,1,dadra-&-nagar-haveli-&-daman-&-diu
TOTAL,1531,1580762.779739072,Merchant payments,1514745000000,1522175400000,2018,1,dadra-&-nagar-haveli-&-daman-&-diu
TOTAL,1364,353171.5523814913,Financial Services,1514745000000,1522175400000,2018,1,dadra-&-nagar-haveli-&-daman-&-diu
TOTAL,5511,4231146.95056825,Others,1514745000000,1522175400000,2018,1,dadra-&-nagar-haveli-&-daman-&-diu
TOTAL,122834,30595592.007682398,Recharge & bill payments,1522521000000,1530124200000,2018,2,dadra-&-nagar-haveli-&-daman-&-diu
TOTAL,69215,261995613.05482048,Peer-to-peer payments,1522521000000,1530124200000,2018,2,dadra-&-nagar-haveli-&-daman-&-diu
TOTAL,3544,4685536.036433555,Merchant payments,1522521000000,1530124200000,2018,2,dadra-&-nagar-haveli-&-daman-&-diu
TOTAL,2996,383806.08546730166,Financial Services,1522521000000,1530124200000,2018,2,dadra-&-nagar-haveli-&-daman-&-diu
TOTAL,4037,4410224.471747881,Others,1522521000000,1530124200000,2018,2,dadra-&-nagar-haveli-&-daman-&-diu
TOTAL,157113,39790820.29359456,Recharge & bill payments,1530383400000,1538073000000,2018,3,dadra-&-nagar-haveli-&-daman-&-diu
TOTAL,119346,396698085.4104552,Peer-to-peer payments,1530383400000,1538073000000,2018,3,dadra-&-nagar-haveli-&-daman-&-diu
TOTAL,7465,5693604.7441260815,Merchant payments,1530383400000,1538073000000,2018,3,dadra-&-nagar-haveli-&-daman-&-diu
TOTAL,1477,297647.89589848556,Financial Services,1530383400000,1538073000000,2018,3,dadra-&-nagar-haveli-&-daman-&-diu
TOTAL,4174,5159437.334100959,Others,1530383400000,1538073000000,2018,3,dadra-&-nagar-haveli-&-daman-&-diu
TOTAL,194214,582082154.4115133,Peer-to-peer payments,1538332200000,1545935400000,2018,4,dadra-&-nagar-haveli-&-daman-&-diu
TOTAL,185793,49972030.11285484,Recharge & bill payments,1538332200000,1545935400000,2018,4,dadra-&-nagar-haveli-&-daman-&-diu
TOTAL,15739,19577328.03937304,Merchant payments,1538332200000,1545935400000,2018,4,dadra-&-nagar-haveli-&-daman-&-diu
TOTAL,2996,371674.6991335743,Financial Services,1538332200000,1545935400000,2018,4,dadra-&-nagar-haveli-&-daman-&-diu
TOTAL,5340,6747429.538011953,Others,1538332200000,1545935400000,2018,4,dadra-&-nagar-haveli-&-daman-&-diu
TOTAL,408465,757657638.3173952,Peer-to-peer payments,1546281000000,1553711400000,2019,1,dadra-&-nagar-haveli-&-daman-&-diu
TOTAL,225998,62660761.88806932,Recharge & bill payments,1546281000000,1553711400000,2019,1,dadra-&-nagar-haveli-&-daman-&-diu
TOTAL,20694,17043867.88608146,Merchant payments,1546281000000,1553711400000,2019,1,dadra-&-nagar-haveli-&-daman-&-diu
TOTAL,1645,221064.6189234741,Financial Services,1546281000000,1553711400000,2019,1,dadra-&-nagar-haveli-&-daman-&-diu
TOTAL,5012,5786443.339431095,Others,1546281000000,1553711400000,2019,1,dadra-&-nagar-haveli-&-daman-&-diu
TOTAL,244134,734034142.8087387,Peer-to-peer payments,1554057000000,1561660200000,2019,2,dadra-&-nagar-haveli-&-daman-&-diu
TOTAL,198184,63874445.55241879,Recharge & bill payments,1554057000000,1561660200000,2019,2,dadra-&-nagar-haveli-&-daman-&-diu
TOTAL,40781,20816136.241969176,Merchant payments,1554057000000,1561660200000,2019,2,dadra-&-nagar-haveli-&-daman-&-diu
TOTAL,748,155149.75618074698,Financial Services,1554057000000,1561660200000,2019,2,dadra-&-nagar-haveli-&-daman-&-diu
TOTAL,5809,5561402.205763446,Others,1554057000000,1561660200000,2019,2,dadra-&-nagar-haveli-&-daman-&-diu
TOTAL,319142,104597035.07984878,Recharge & bill payments,1561919400000,1569609000000,2019,3,dadra-&-nagar-haveli-&-daman-&-diu
TOTAL,249944,821178569.0593253,Peer-to-peer payments,1561919400000,1569609000000,2019,3,dadra-&-nagar-haveli-&-daman-&-diu
TOTAL,63616,30634658.237494454,Merchant payments,1561919400000,1569609000000,2019,3,dadra-&-nagar-haveli-&-daman-&-diu
TOTAL,533,425044.05141368794,Financial Services,1561919400000,1569609000000,2019,3,dadra-&-nagar-haveli-&-daman-&-diu
TOTAL,5516,4636167.420289769,Others,1561919400000,1569609000000,2019,3,dadra-&-nagar-haveli-&-daman-&-diu
TOTAL,351819,125809568.35055912,Recharge & bill payments,1569868200000,1577471400000,2019,4,dadra-&-nagar-haveli-&-daman-&-diu
TOTAL,324464,1051976410.5472054,Peer-to-peer payments,1569868200000,1577471400000,2019,4,dadra-&-nagar-haveli-&-daman-&-diu
TOTAL,86758,45361559.23824883,Merchant payments,1569868200000,1577471400000,2019,4,dadra-&-nagar-haveli-&-daman-&-diu
TOTAL,1019,267762.49056630814,Financial Services,1569868200000,1577471400000,2019,4,dadra-&-nagar-haveli-&-daman-&-diu
TOTAL,4911,3225961.384460643,Others,1569868200000,1577471400000,2019,4,dadra-&-nagar-haveli-&-daman-&-diu
TOTAL,407577,153340696.30393675,Recharge & bill payments,1577817000000,1585333800000,2020,1,dadra-&-nagar-haveli-&-daman-&-diu
TOTAL,329005,1119439489.5005136,Peer-to-peer payments,1577817000000,1585333800000,2020,1,dadra-&-nagar-haveli-&-daman-&-diu
TOTAL,137040,66713356.798143014,Merchant payments,1577817000000,1585333800000,2020,1,dadra-&-nagar-haveli-&-daman-&-diu
TOTAL,668,418783.1260904173,Financial Services,1577817000000,1585333800000,2020,1,dadra-&-nagar-haveli-&-daman-&-diu
TOTAL,4289,2851043.563834071,Others,1577817000000,1585333800000,2020,1,dadra-&-nagar-haveli-&-daman-&-diu
TOTAL,525974,178877986.7248658,Recharge & bill payments,1585679400000,1593282600000,2020,2,dadra-&-nagar-haveli-&-daman-&-diu
TOTAL,323909,1052118443.3664523,Peer-to-peer payments,1585679400000,1593282600000,2020,2,dadra-&-nagar-haveli-&-daman-&-diu
TOTAL,118801,68938500.71228051,Merchant payments,1585679400000,1593282600000,2020,2,dadra-&-nagar-haveli-&-daman-&-diu
TOTAL,1826,993268.2971840606,Financial Services,1585679400000,1593282600000,2020,2,dadra-&-nagar-haveli-&-daman-&-diu
TOTAL,2642,1448254.787275234,Others,1585679400000,1593282600000,2020,2,dadra-&-nagar-haveli-&-daman-&-diu
TOTAL,455603,201223380.1868608,Recharge & bill payments,1593541800000,1601231400000,2020,3,dadra-&-nagar-haveli-&-daman-&-diu
TOTAL,419524,1401020928.2319155,Peer-to-peer payments,1593541800000,1601231400000,2020,3,dadra-&-nagar-haveli-&-daman-&-diu
TOTAL,257572,143497844.49072367,Merchant payments,1593541800000,1601231400000,2020,3,dadra-&-nagar-haveli-&-daman-&-diu
TOTAL,1635,1778864.0123306382,Financial Services,1593541800000,1601231400000,2020,3,dadra-&-nagar-haveli-&-daman-&-diu
TOTAL,3978,2268098.077531771,Others,1593541800000,1601231400000,2020,3,dadra-&-nagar-haveli-&-daman-&-diu
TOTAL,666995,2153786522.547576,Peer-to-peer payments,1601490600000,1609093800000,2020,4,dadra-&-nagar-haveli-&-daman-&-diu
TOTAL,631443,316510115.80515665,Merchant payments,1601490600000,1609093800000,2020,4,dadra-&-nagar-haveli-&-daman-&-diu
TOTAL,509971,224246669.7783347,Recharge & bill payments,1601490600000,1609093800000,2020,4,dadra-&-nagar-haveli-&-daman-&-diu
TOTAL,2453,1683959.5099964456,Financial Services,1601490600000,1609093800000,2020,4,dadra-&-nagar-haveli-&-daman-&-diu
TOTAL,6929,4283833.187441602,Others,1601490600000,1609093800000,2020,4,dadra-&-nagar-haveli-&-daman-&-diu
TOTAL,768921,2379220756.2230163,Peer-to-peer payments,1609439400000,1616869800000,2021,1,dadra-&-nagar-haveli-&-daman-&-diu
TOTAL,705821,367522132.38063604,Merchant payments,1609439400000,1616869800000,2021,1,dadra-&-nagar-haveli-&-daman-&-diu
TOTAL,442926,213177144.73200977,Recharge & bill payments,1609439400000,1616869800000,2021,1,dadra-&-nagar-haveli-&-daman-&-diu
TOTAL,2243,1930008.9716834244,Financial Services,1609439400000,1616869800000,2021,1,dadra-&-nagar-haveli-&-daman-&-diu
TOTAL,5333,3782868.8861592514,Others,1609439400000,1616869800000,2021,1,dadra-&-nagar-haveli-&-daman-&-diu
TOTAL,843550,2512913026.4279447,Peer-to-peer payments,1617215400000,1624818600000,2021,2,dadra-&-nagar-haveli-&-daman-&-diu
TOTAL,802899,430487473.930562,Merchant payments,1617215400000,1624818600000,2021,2,dadra-&-nagar-haveli-&-daman-&-diu
TOTAL,471136,208762964.0120024,Recharge & bill payments,1617215400000,1624818600000,2021,2,dadra-&-nagar-haveli-&-daman-&-diu
TOTAL,1826,1763792.6506419359,Financial Services,1617215400000,1624818600000,2021,2,dadra-&-nagar-haveli-&-daman-&-diu
TOTAL,5672,3741204.3977531465,Others,1617215400000,1624818600000,2021,2,dadra-&-nagar-haveli-&-daman-&-diu
TOTAL,1312241,706774071.9381688,Merchant payments,1625077800000,1632767400000,2021,3,dadra-&-nagar-haveli-&-daman-&-diu
TOTAL,1262732,3339347400.0643554,Peer-to-peer payments,1625077800000,1632767400000,2021,3,dadra-&-nagar-haveli-&-daman-&-diu
TOTAL,544322,253199754.8745275,Recharge & bill payments,1625077800000,1632767400000,2021,3,dadra-&-nagar-haveli-&-daman-&-diu
TOTAL,2065,2252116.636459231,Financial Services,1625077800000,1632767400000,2021,3,dadra-&-nagar-haveli-&-daman-&-diu
TOTAL,8110,4365759.277996017,Others,1625077800000,1632767400000,2021,3,dadra-&-nagar-haveli-&-daman-&-diu
TOTAL,2013673,1058989463.1650428,Merchant payments,1633026600000,1640629800000,2021,4,dadra-&-nagar-haveli-&-daman-&-diu
TOTAL,1577168,4202291071.7106133,Peer-to-peer payments,1633026600000,1640629800000,2021,4,dadra-&-nagar-haveli-&-daman-&-diu
TOTAL,551618,294991582.16815025,Recharge & bill payments,1633026600000,1640629800000,2021,4,dadra-&-nagar-haveli-&-daman-&-diu
TOTAL,2909,3159306.4175118254,Financial Services,1633026600000,1640629800000,2021,4,dadra-&-nagar-haveli-&-daman-&-diu
TOTAL,11717,6407962.869342193,Others,1633026600000,1640629800000,2021,4,dadra-&-nagar-haveli-&-daman-&-diu
TOTAL,3947297,1320559612.770412,Recharge & bill payments,1514745000000,1522175400000,2018,1,delhi
TOTAL,2380820,9125685134.894358,Peer-to-peer payments,1514745000000,1522175400000,2018,1,delhi
TOTAL,339809,375393115.19131327,Merchant payments,1514745000000,1522175400000,2018,1,delhi
TOTAL,136240,45588429.271575734,Financial Services,1514745000000,1522175400000,2018,1,delhi
TOTAL,318588,344277514.7923026,Others,1514745000000,1522175400000,2018,1,delhi
TOTAL,4511737,2078183615.8006349,Recharge & bill payments,1522521000000,1530124200000,2018,2,delhi
TOTAL,3542716,14348179103.109837,Peer-to-peer payments,1522521000000,1530124200000,2018,2,delhi
TOTAL,837001,631597790.6002588,Merchant payments,1522521000000,1530124200000,2018,2,delhi
TOTAL,205991,66584728.19594695,Financial Services,1522521000000,1530124200000,2018,2,delhi
TOTAL,276278,321754664.4984691,Others,1522521000000,1530124200000,2018,2,delhi
TOTAL,8557153,22670122888.868217,Peer-to-peer payments,1530383400000,1538073000000,2018,3,delhi
TOTAL,5305635,3261844270.537241,Recharge & bill payments,1530383400000,1538073000000,2018,3,delhi
TOTAL,3808395,1048422633.7093576,Merchant payments,1530383400000,1538073000000,2018,3,delhi
TOTAL,274526,45051151.35143036,Financial Services,1530383400000,1538073000000,2018,3,delhi
TOTAL,601339,350405916.1523186,Others,1530383400000,1538073000000,2018,3,delhi
TOTAL,9973249,32389252494.75772,Peer-to-peer payments,1538332200000,1545935400000,2018,4,delhi
TOTAL,9958967,2738429838.939273,Merchant payments,1538332200000,1545935400000,2018,4,delhi
TOTAL,7483633,3961160542.570066,Recharge & bill payments,1538332200000,1545935400000,2018,4,delhi
TOTAL,265004,58162003.43614492,Financial Services,1538332200000,1545935400000,2018,4,delhi
TOTAL,1506866,575852739.0031943,Others,1538332200000,1545935400000,2018,4,delhi
TOTAL,20216287,48250023720.99173,Peer-to-peer payments,1546281000000,1553711400000,2019,1,delhi
TOTAL,13875931,3996618719.7994804,Merchant payments,1546281000000,1553711400000,2019,1,delhi
TOTAL,10744978,5521320539.356212,Recharge & bill payments,1546281000000,1553711400000,2019,1,delhi
TOTAL,223095,30997039.697555833,Financial Services,1546281000000,1553711400000,2019,1,delhi
TOTAL,1947036,670171769.6522964,Others,1546281000000,1553711400000,2019,1,delhi
TOTAL,20891431,6816878922.844399,Merchant payments,1554057000000,1561660200000,2019,2,delhi
TOTAL,20570311,65953571241.26435,Peer-to-peer payments,1554057000000,1561660200000,2019,2,delhi
TOTAL,12869453,8035701902.391765,Recharge & bill payments,1554057000000,1561660200000,2019,2,delhi
TOTAL,137774,33985068.68378611,Financial Services,1554057000000,1561660200000,2019,2,delhi
TOTAL,2702543,866678928.4439986,Others,1554057000000,1561660200000,2019,2,delhi
TOTAL,29453368,9857221391.940361,Merchant payments,1561919400000,1569609000000,2019,3,delhi
TOTAL,25201978,81904443496.29778,Peer-to-peer payments,1561919400000,1569609000000,2019,3,delhi
TOTAL,11133404,10406524192.884487,Recharge & bill payments,1561919400000,1569609000000,2019,3,delhi
TOTAL,92061,27952186.986432005,Financial Services,1561919400000,1569609000000,2019,3,delhi
TOTAL,3657065,1000670778.3478061,Others,1561919400000,1569609000000,2019,3,delhi
TOTAL,33040093,105858524152.38443,Peer-to-peer payments,1569868200000,1577471400000,2019,4,delhi
TOTAL,32537378,12864577363.070576,Merchant payments,1569868200000,1577471400000,2019,4,delhi
TOTAL,11609898,9500486080.98845,Recharge & bill payments,1569868200000,1577471400000,2019,4,delhi
TOTAL,57063,21512527.973989226,Financial Services,1569868200000,1577471400000,2019,4,delhi
TOTAL,3500565,779367300.4732571,Others,1569868200000,1577471400000,2019,4,delhi
TOTAL,33951545,14470782771.054684,Merchant payments,1577817000000,1585333800000,2020,1,delhi
TOTAL,32410795,108987600006.3667,Peer-to-peer payments,1577817000000,1585333800000,2020,1,delhi
TOTAL,12822919,9498791147.929193,Recharge & bill payments,1577817000000,1585333800000,2020,1,delhi
TOTAL,46529,39908838.24852887,Financial Services,1577817000000,1585333800000,2020,1,delhi
TOTAL,2515816,619460878.9909673,Others,1577817000000,1585333800000,2020,1,delhi
TOTAL,27155938,86227124454.10175,Peer-to-peer payments,1585679400000,1593282600000,2020,2,delhi
TOTAL,24963931,12708327043.868336,Merchant payments,1585679400000,1593282600000,2020,2,delhi
TOTAL,13568505,8699886044.040596,Recharge & bill payments,1585679400000,1593282600000,2020,2,delhi
TOTAL,64790,75405868.16164647,Financial Services,1585679400000,1593282600000,2020,2,delhi
TOTAL,288854,162694793.15869594,Others,1585679400000,1593282600000,2020,2,delhi
TOTAL,41498638,140074023548.15637,Peer-to-peer payments,1593541800000,1601231400000,2020,3,delhi
TOTAL,40973792,21858176583.0589,Merchant payments,1593541800000,1601231400000,2020,3,delhi
TOTAL,13448341,12883226305.336546,Recharge & bill payments,1593541800000,1601231400000,2020,3,delhi
TOTAL,85689,114341865.2645722,Financial Services,1593541800000,1601231400000,2020,3,delhi
TOTAL,485401,234194502.8442282,Others,1593541800000,1601231400000,2020,3,delhi
TOTAL,54581166,31106554562.7951,Merchant payments,1601490600000,1609093800000,2020,4,delhi
TOTAL,49631928,171546055992.1488,Peer-to-peer payments,1601490600000,1609093800000,2020,4,delhi
TOTAL,14862946,12921793576.576857,Recharge & bill payments,1601490600000,1609093800000,2020,4,delhi
TOTAL,114862,160007919.76894268,Financial Services,1601490600000,1609093800000,2020,4,delhi
TOTAL,1349515,530676173.2537967,Others,1601490600000,1609093800000,2020,4,delhi
TOTAL,72615587,39861532639.012344,Merchant payments,1609439400000,1616869800000,2021,1,delhi
TOTAL,61957428,210823551741.40936,Peer-to-peer payments,1609439400000,1616869800000,2021,1,delhi
TOTAL,21164274,15447408658.778738,Recharge & bill payments,1609439400000,1616869800000,2021,1,delhi
TOTAL,153039,203106852.42387855,Financial Services,1609439400000,1616869800000,2021,1,delhi
TOTAL,1468676,592745151.8683048,Others,1609439400000,1616869800000,2021,1,delhi
TOTAL,75620295,42933366743.23575,Merchant payments,1617215400000,1624818600000,2021,2,delhi
TOTAL,68497718,223034955527.75317,Peer-to-peer payments,1617215400000,1624818600000,2021,2,delhi
TOTAL,25026678,15310096462.746447,Recharge & bill payments,1617215400000,1624818600000,2021,2,delhi
TOTAL,158170,190019761.49741396,Financial Services,1617215400000,1624818600000,2021,2,delhi
TOTAL,854403,472659189.30861247,Others,1617215400000,1624818600000,2021,2,delhi
TOTAL,115250887,64006915630.53262,Merchant payments,1625077800000,1632767400000,2021,3,delhi
TOTAL,93292876,298005532606.47,Peer-to-peer payments,1625077800000,1632767400000,2021,3,delhi
TOTAL,28427032,20934734871.908962,Recharge & bill payments,1625077800000,1632767400000,2021,3,delhi
TOTAL,144460,220660990.22066334,Financial Services,1625077800000,1632767400000,2021,3,delhi
TOTAL,1645353,690472449.1489255,Others,1625077800000,1632767400000,2021,3,delhi
TOTAL,149204611,88990516304.07437,Merchant payments,1633026600000,1640629800000,2021,4,delhi
TOTAL,112380292,376556972334.1598,Peer-to-peer payments,1633026600000,1640629800000,2021,4,delhi
TOTAL,30127352,22290161823.248642,Recharge & bill payments,1633026600000,1640629800000,2021,4,delhi
TOTAL,199280,287950130.24921745,Financial Services,1633026600000,1640629800000,2021,4,delhi
TOTAL,771824,569713470.6592032,Others,1633026600000,1640629800000,2021,4,delhi
TOTAL,85991,18273814.162708722,Recharge & bill payments,1514745000000,1522175400000,2018,1,goa
TOTAL,59651,268175048.06992978,Peer-to-peer payments,1514745000000,1522175400000,2018,1,goa
TOTAL,7880,11036031.735657964,Merchant payments,1514745000000,1522175400000,2018,1,goa
TOTAL,1191,520105.642400422,Financial Services,1514745000000,1522175400000,2018,1,goa
TOTAL,6184,5851742.732386975,Others,1514745000000,1522175400000,2018,1,goa
TOTAL,120943,30994284.17044104,Recharge & bill payments,1522521000000,1530124200000,2018,2,goa
TOTAL,87878,419492232.52410376,Peer-to-peer payments,1522521000000,1530124200000,2018,2,goa
TOTAL,12456,20162855.70611957,Merchant payments,1522521000000,1530124200000,2018,2,goa
TOTAL,1903,733429.427283199,Financial Services,1522521000000,1530124200000,2018,2,goa
TOTAL,6395,7221023.530667527,Others,1522521000000,1530124200000,2018,2,goa
TOTAL,158797,40314972.94208837,Recharge & bill payments,1530383400000,1538073000000,2018,3,goa
TOTAL,150297,639468418.1317002,Peer-to-peer payments,1530383400000,1538073000000,2018,3,goa
TOTAL,21587,26634198.178851012,Merchant payments,1530383400000,1538073000000,2018,3,goa
TOTAL,1867,468171.36483984883,Financial Services,1530383400000,1538073000000,2018,3,goa
TOTAL,6963,6281208.620754639,Others,1530383400000,1538073000000,2018,3,goa
TOTAL,246426,1021902315.4426756,Peer-to-peer payments,1538332200000,1545935400000,2018,4,goa
TOTAL,212122,54832855.89468471,Recharge & bill payments,1538332200000,1545935400000,2018,4,goa
TOTAL,45586,66666113.92145965,Merchant payments,1538332200000,1545935400000,2018,4,goa
TOTAL,2523,723599.2328183289,Financial Services,1538332200000,1545935400000,2018,4,goa
TOTAL,8098,8880194.430766659,Others,1538332200000,1545935400000,2018,4,goa
TOTAL,378848,1310759847.8146646,Peer-to-peer payments,1546281000000,1553711400000,2019,1,goa
TOTAL,275277,78212835.0406034,Recharge & bill payments,1546281000000,1553711400000,2019,1,goa
TOTAL,74527,75946974.41483101,Merchant payments,1546281000000,1553711400000,2019,1,goa
TOTAL,2013,499592.0966860995,Financial Services,1546281000000,1553711400000,2019,1,goa
TOTAL,8147,9904147.90979165,Others,1546281000000,1553711400000,2019,1,goa
TOTAL,373759,1391933790.7547765,Peer-to-peer payments,1554057000000,1561660200000,2019,2,goa
TOTAL,278060,93218689.41694948,Recharge & bill payments,1554057000000,1561660200000,2019,2,goa
TOTAL,104592,92873008.6474504,Merchant payments,1554057000000,1561660200000,2019,2,goa
TOTAL,1211,515859.8076807977,Financial Services,1554057000000,1561660200000,2019,2,goa
TOTAL,10819,13325754.760758925,Others,1554057000000,1561660200000,2019,2,goa
TOTAL,475178,1704668027.0159788,Peer-to-peer payments,1561919400000,1569609000000,2019,3,goa
TOTAL,453806,157952854.9501171,Recharge & bill payments,1561919400000,1569609000000,2019,3,goa
TOTAL,150578,123948570.56857497,Merchant payments,1561919400000,1569609000000,2019,3,goa
TOTAL,1510,1282344.8444824044,Financial Services,1561919400000,1569609000000,2019,3,goa
TOTAL,11344,12515394.117688328,Others,1561919400000,1569609000000,2019,3,goa
TOTAL,698728,2484453030.31845,Peer-to-peer payments,1569868200000,1577471400000,2019,4,goa
TOTAL,552421,205602115.14625147,Recharge & bill payments,1569868200000,1577471400000,2019,4,goa
TOTAL,250893,218404664.8638511,Merchant payments,1569868200000,1577471400000,2019,4,goa
TOTAL,1497,649712.8451498008,Financial Services,1569868200000,1577471400000,2019,4,goa
TOTAL,11733,14350825.325765317,Others,1569868200000,1577471400000,2019,4,goa
TOTAL,817198,2851686768.653684,Peer-to-peer payments,1577817000000,1585333800000,2020,1,goa
TOTAL,678079,244739382.20701858,Recharge & bill payments,1577817000000,1585333800000,2020,1,goa
TOTAL,373110,298421548.1046571,Merchant payments,1577817000000,1585333800000,2020,1,goa
TOTAL,1762,1816477.5692472362,Financial Services,1577817000000,1585333800000,2020,1,goa
TOTAL,11088,13707055.389155574,Others,1577817000000,1585333800000,2020,1,goa
TOTAL,758617,241196540.9379891,Recharge & bill payments,1585679400000,1593282600000,2020,2,goa
TOTAL,493326,1766723888.2025127,Peer-to-peer payments,1585679400000,1593282600000,2020,2,goa
TOTAL,221358,168591711.94693565,Merchant payments,1585679400000,1593282600000,2020,2,goa
TOTAL,3081,3328361.317987765,Financial Services,1585679400000,1593282600000,2020,2,goa
TOTAL,5710,3775927.611346662,Others,1585679400000,1593282600000,2020,2,goa
TOTAL,759351,2723430713.3444066,Peer-to-peer payments,1593541800000,1601231400000,2020,3,goa
TOTAL,696770,280187505.0339355,Recharge & bill payments,1593541800000,1601231400000,2020,3,goa
TOTAL,446880,353193881.4783259,Merchant payments,1593541800000,1601231400000,2020,3,goa
TOTAL,4985,6418950.466847964,Financial Services,1593541800000,1601231400000,2020,3,goa
TOTAL,7545,5112530.621144422,Others,1593541800000,1601231400000,2020,3,goa
TOTAL,1550251,5407626413.043346,Peer-to-peer payments,1601490600000,1609093800000,2020,4,goa
TOTAL,1389834,1123844212.5171819,Merchant payments,1601490600000,1609093800000,2020,4,goa
TOTAL,839199,345088772.3784919,Recharge & bill payments,1601490600000,1609093800000,2020,4,goa
TOTAL,7287,10386560.386677971,Financial Services,1601490600000,1609093800000,2020,4,goa
TOTAL,14810,12846789.254236266,Others,1601490600000,1609093800000,2020,4,goa
TOTAL,2235456,7553384653.1682,Peer-to-peer payments,1609439400000,1616869800000,2021,1,goa
TOTAL,2195509,1768358976.7158575,Merchant payments,1609439400000,1616869800000,2021,1,goa
TOTAL,880682,410604192.7268899,Recharge & bill payments,1609439400000,1616869800000,2021,1,goa
TOTAL,8138,12207778.148638733,Financial Services,1609439400000,1616869800000,2021,1,goa
TOTAL,11764,12687278.26183929,Others,1609439400000,1616869800000,2021,1,goa
TOTAL,1869384,1411529033.6650195,Merchant payments,1617215400000,1624818600000,2021,2,goa
TOTAL,1866837,6195032351.177256,Peer-to-peer payments,1617215400000,1624818600000,2021,2,goa
TOTAL,953219,383804809.3560881,Recharge & bill payments,1617215400000,1624818600000,2021,2,goa
TOTAL,8303,12371843.844825167,Financial Services,1617215400000,1624818600000,2021,2,goa
TOTAL,12392,10115549.032816991,Others,1617215400000,1624818600000,2021,2,goa
TOTAL,2865625,2143135314.897931,Merchant payments,1625077800000,1632767400000,2021,3,goa
TOTAL,2560305,7871092673.137299,Peer-to-peer payments,1625077800000,1632767400000,2021,3,goa
TOTAL,1017351,438838003.22982365,Recharge & bill payments,1625077800000,1632767400000,2021,3,goa
TOTAL,8337,12943224.07382146,Financial Services,1625077800000,1632767400000,2021,3,goa
TOTAL,16145,12416377.597493527,Others,1625077800000,1632767400000,2021,3,goa
TOTAL,5474662,4384250602.937038,Merchant payments,1633026600000,1640629800000,2021,4,goa
TOTAL,4408822,13618351952.666094,Peer-to-peer payments,1633026600000,1640629800000,2021,4,goa
TOTAL,1170180,585734312.4063727,Recharge & bill payments,1633026600000,1640629800000,2021,4,goa
TOTAL,11320,17101084.66037453,Financial Services,1633026600000,1640629800000,2021,4,goa
TOTAL,23775,21819163.1997744,Others,1633026600000,1640629800000,2021,4,goa
TOTAL,3691952,878929080.9916563,Recharge & bill payments,1514745000000,1522175400000,2018,1,gujarat
TOTAL,1738974,6318864759.888066,Peer-to-peer payments,1514745000000,1522175400000,2018,1,gujarat
TOTAL,145436,166036667.57089135,Merchant payments,1514745000000,1522175400000,2018,1,gujarat
TOTAL,122117,27986679.009713165,Financial Services,1514745000000,1522175400000,2018,1,gujarat
TOTAL,250296,186165067.5737218,Others,1514745000000,1522175400000,2018,1,gujarat
TOTAL,4643367,1571880396.377953,Recharge & bill payments,1522521000000,1530124200000,2018,2,gujarat
TOTAL,2483231,10009680530.386887,Peer-to-peer payments,1522521000000,1530124200000,2018,2,gujarat
TOTAL,275503,356984574.1205573,Merchant payments,1522521000000,1530124200000,2018,2,gujarat
TOTAL,140704,38598263.22838031,Financial Services,1522521000000,1530124200000,2018,2,gujarat
TOTAL,202928,185541007.527258,Others,1522521000000,1530124200000,2018,2,gujarat
TOTAL,5287200,15272745137.759302,Peer-to-peer payments,1530383400000,1538073000000,2018,3,gujarat
TOTAL,5117168,1938041688.9678535,Recharge & bill payments,1530383400000,1538073000000,2018,3,gujarat
TOTAL,573440,466209496.80151117,Merchant payments,1530383400000,1538073000000,2018,3,gujarat
TOTAL,136468,24930605.607339725,Financial Services,1530383400000,1538073000000,2018,3,gujarat
TOTAL,219873,164477497.1394802,Others,1530383400000,1538073000000,2018,3,gujarat
TOTAL,6488202,21207285184.780193,Peer-to-peer payments,1538332200000,1545935400000,2018,4,gujarat
TOTAL,6138404,2297332323.0815277,Recharge & bill payments,1538332200000,1545935400000,2018,4,gujarat
TOTAL,1656377,1088373316.0580251,Merchant payments,1538332200000,1545935400000,2018,4,gujarat
TOTAL,133915,30699273.16507,Financial Services,1538332200000,1545935400000,2018,4,gujarat
TOTAL,316405,207297005.69778407,Others,1538332200000,1545935400000,2018,4,gujarat
TOTAL,13465044,31231285551.308655,Peer-to-peer payments,1546281000000,1553711400000,2019,1,gujarat
TOTAL,8595256,3104251732.6516943,Recharge & bill payments,1546281000000,1553711400000,2019,1,gujarat
TOTAL,2493340,1296376125.1752787,Merchant payments,1546281000000,1553711400000,2019,1,gujarat
TOTAL,114539,19581520.569400217,Financial Services,1546281000000,1553711400000,2019,1,gujarat
TOTAL,323272,204585378.77191538,Others,1546281000000,1553711400000,2019,1,gujarat
TOTAL,12547493,41853661230.46585,Peer-to-peer payments,1554057000000,1561660200000,2019,2,gujarat
TOTAL,10434449,4651874823.428602,Recharge & bill payments,1554057000000,1561660200000,2019,2,gujarat
TOTAL,5486791,2526448415.3585706,Merchant payments,1554057000000,1561660200000,2019,2,gujarat
TOTAL,70502,17349813.389733132,Financial Services,1554057000000,1561660200000,2019,2,gujarat
TOTAL,442607,271280936.6247084,Others,1554057000000,1561660200000,2019,2,gujarat
TOTAL,14529353,49206585462.018684,Peer-to-peer payments,1561919400000,1569609000000,2019,3,gujarat
TOTAL,11788077,4211116461.2911887,Merchant payments,1561919400000,1569609000000,2019,3,gujarat
TOTAL,11349625,5768100024.478059,Recharge & bill payments,1561919400000,1569609000000,2019,3,gujarat
TOTAL,78609,20507001.233050577,Financial Services,1561919400000,1569609000000,2019,3,gujarat
TOTAL,482985,256386015.24681717,Others,1561919400000,1569609000000,2019,3,gujarat
TOTAL,19107911,64477452638.7778,Peer-to-peer payments,1569868200000,1577471400000,2019,4,gujarat
TOTAL,12967713,6517891166.722656,Recharge & bill payments,1569868200000,1577471400000,2019,4,gujarat
TOTAL,9964076,5480269119.720948,Merchant payments,1569868200000,1577471400000,2019,4,gujarat
TOTAL,63498,20202767.26414788,Financial Services,1569868200000,1577471400000,2019,4,gujarat
TOTAL,444434,194846362.42851496,Others,1569868200000,1577471400000,2019,4,gujarat
TOTAL,19068093,72393727235.07784,Peer-to-peer payments,1577817000000,1585333800000,2020,1,gujarat
TOTAL,15648472,7197595156.690899,Recharge & bill payments,1577817000000,1585333800000,2020,1,gujarat
TOTAL,12191478,7210758662.281933,Merchant payments,1577817000000,1585333800000,2020,1,gujarat
TOTAL,50753,27460255.45966168,Financial Services,1577817000000,1585333800000,2020,1,gujarat
TOTAL,367621,165535312.39278784,Others,1577817000000,1585333800000,2020,1,gujarat
TOTAL,19971660,8322688556.990006,Recharge & bill payments,1585679400000,1593282600000,2020,2,gujarat
TOTAL,17569398,64723140394.22913,Peer-to-peer payments,1585679400000,1593282600000,2020,2,gujarat
TOTAL,9645967,7196610931.561442,Merchant payments,1585679400000,1593282600000,2020,2,gujarat
TOTAL,59617,53132341.305008195,Financial Services,1585679400000,1593282600000,2020,2,gujarat
TOTAL,173543,92274135.40504411,Others,1585679400000,1593282600000,2020,2,gujarat
TOTAL,23130724,89142122337.25531,Peer-to-peer payments,1593541800000,1601231400000,2020,3,gujarat
TOTAL,18338969,12749796641.785404,Merchant payments,1593541800000,1601231400000,2020,3,gujarat
TOTAL,17481357,9820654243.80882,Recharge & bill payments,1593541800000,1601231400000,2020,3,gujarat
TOTAL,92278,84723188.62104335,Financial Services,1593541800000,1601231400000,2020,3,gujarat
TOTAL,246851,124456073.24163358,Others,1593541800000,1601231400000,2020,3,gujarat
TOTAL,29967258,116743230330.36209,Peer-to-peer payments,1601490600000,1609093800000,2020,4,gujarat
TOTAL,28430460,20844321156.652935,Merchant payments,1601490600000,1609093800000,2020,4,gujarat
TOTAL,18943669,10441981826.080866,Recharge & bill payments,1601490600000,1609093800000,2020,4,gujarat
TOTAL,113371,120056733.8865249,Financial Services,1601490600000,1609093800000,2020,4,gujarat
TOTAL,373789,243470065.45681778,Others,1601490600000,1609093800000,2020,4,gujarat
TOTAL,36427493,144818968373.02933,Peer-to-peer payments,1609439400000,1616869800000,2021,1,gujarat
TOTAL,35815382,26512643894.003174,Merchant payments,1609439400000,1616869800000,2021,1,gujarat
TOTAL,22088838,11996115292.377842,Recharge & bill payments,1609439400000,1616869800000,2021,1,gujarat
TOTAL,126380,137612317.73580322,Financial Services,1609439400000,1616869800000,2021,1,gujarat
TOTAL,316472,235440836.3042438,Others,1609439400000,1616869800000,2021,1,gujarat
TOTAL,42593432,33542305033.829506,Merchant payments,1617215400000,1624818600000,2021,2,gujarat
TOTAL,41642387,162483567902.30194,Peer-to-peer payments,1617215400000,1624818600000,2021,2,gujarat
TOTAL,27127405,13750783181.944221,Recharge & bill payments,1617215400000,1624818600000,2021,2,gujarat
TOTAL,128647,136119996.7022825,Financial Services,1617215400000,1624818600000,2021,2,gujarat
TOTAL,349525,249278437.33914098,Others,1617215400000,1624818600000,2021,2,gujarat
TOTAL,62934471,48197579736.51646,Merchant payments,1625077800000,1632767400000,2021,3,gujarat
TOTAL,56134212,208013326600.62402,Peer-to-peer payments,1625077800000,1632767400000,2021,3,gujarat
TOTAL,29580901,15945997372.058683,Recharge & bill payments,1625077800000,1632767400000,2021,3,gujarat
TOTAL,125167,163304131.1436523,Financial Services,1625077800000,1632767400000,2021,3,gujarat
TOTAL,473656,304418273.24545926,Others,1625077800000,1632767400000,2021,3,gujarat
TOTAL,84846502,68717933161.8696,Merchant payments,1633026600000,1640629800000,2021,4,gujarat
TOTAL,67301686,254338740726.63605,Peer-to-peer payments,1633026600000,1640629800000,2021,4,gujarat
TOTAL,30072479,18739034341.66239,Recharge & bill payments,1633026600000,1640629800000,2021,4,gujarat
TOTAL,175393,209214620.7057898,Financial Services,1633026600000,1640629800000,2021,4,gujarat
TOTAL,591265,377657202.7539646,Others,1633026600000,1640629800000,2021,4,gujarat
TOTAL,2368002,535578755.07945114,Recharge & bill payments,1514745000000,1522175400000,2018,1,haryana
TOTAL,1607193,5814807510.68666,Peer-to-peer payments,1514745000000,1522175400000,2018,1,haryana
TOTAL,167816,173513595.3537558,Merchant payments,1514745000000,1522175400000,2018,1,haryana
TOTAL,128636,27501068.014126316,Financial Services,1514745000000,1522175400000,2018,1,haryana
TOTAL,209123,242110585.52640373,Others,1514745000000,1522175400000,2018,1,haryana
TOTAL,3054284,984897276.651981,Recharge & bill payments,1522521000000,1530124200000,2018,2,haryana
TOTAL,2388953,9745924809.851494,Peer-to-peer payments,1522521000000,1530124200000,2018,2,haryana
TOTAL,369916,334118261.45344114,Merchant payments,1522521000000,1530124200000,2018,2,haryana
TOTAL,167570,38145882.44180386,Financial Services,1522521000000,1530124200000,2018,2,haryana
TOTAL,170208,217328211.71769944,Others,1522521000000,1530124200000,2018,2,haryana
TOTAL,3753981,14429454356.345787,Peer-to-peer payments,1530383400000,1538073000000,2018,3,haryana
TOTAL,3203386,1310467515.0605886,Recharge & bill payments,1530383400000,1538073000000,2018,3,haryana
TOTAL,1003057,427387637.9335371,Merchant payments,1530383400000,1538073000000,2018,3,haryana
TOTAL,100452,17323790.814170156,Financial Services,1530383400000,1538073000000,2018,3,haryana
TOTAL,201148,190505707.47361812,Others,1530383400000,1538073000000,2018,3,haryana
TOTAL,5905032,22416919746.93868,Peer-to-peer payments,1538332200000,1545935400000,2018,4,haryana
TOTAL,4116262,1671040703.7317612,Recharge & bill payments,1538332200000,1545935400000,2018,4,haryana
TOTAL,2413446,1013407379.8963095,Merchant payments,1538332200000,1545935400000,2018,4,haryana
TOTAL,120711,22252543.62175617,Financial Services,1538332200000,1545935400000,2018,4,haryana
TOTAL,394732,267255642.26742023,Others,1538332200000,1545935400000,2018,4,haryana
TOTAL,12622225,30283578836.61907,Peer-to-peer payments,1546281000000,1553711400000,2019,1,haryana
TOTAL,5576577,2202061874.5361757,Recharge & bill payments,1546281000000,1553711400000,2019,1,haryana
TOTAL,3361995,1292375556.3150868,Merchant payments,1546281000000,1553711400000,2019,1,haryana
TOTAL,101786,15201736.002431491,Financial Services,1546281000000,1553711400000,2019,1,haryana
TOTAL,473192,258437718.15887585,Others,1546281000000,1553711400000,2019,1,haryana
TOTAL,10387562,37056084813.57578,Peer-to-peer payments,1554057000000,1561660200000,2019,2,haryana
TOTAL,5902923,2838724048.0896106,Recharge & bill payments,1554057000000,1561660200000,2019,2,haryana
TOTAL,5738283,2292901816.1432047,Merchant payments,1554057000000,1561660200000,2019,2,haryana
TOTAL,57488,12080285.227121718,Financial Services,1554057000000,1561660200000,2019,2,haryana
TOTAL,655560,301748850.1804938,Others,1554057000000,1561660200000,2019,2,haryana
TOTAL,11775288,43738290119.9285,Peer-to-peer payments,1561919400000,1569609000000,2019,3,haryana
TOTAL,9386779,3615636827.8118167,Merchant payments,1561919400000,1569609000000,2019,3,haryana
TOTAL,8289987,4817098564.823641,Recharge & bill payments,1561919400000,1569609000000,2019,3,haryana
TOTAL,61503,16715100.880217994,Financial Services,1561919400000,1569609000000,2019,3,haryana
TOTAL,829974,301378585.9978597,Others,1561919400000,1569609000000,2019,3,haryana
TOTAL,15729819,58242027266.14443,Peer-to-peer payments,1569868200000,1577471400000,2019,4,haryana
TOTAL,11615667,5253780278.236426,Merchant payments,1569868200000,1577471400000,2019,4,haryana
TOTAL,9648003,5637358525.756194,Recharge & bill payments,1569868200000,1577471400000,2019,4,haryana
TOTAL,41688,13756049.144287623,Financial Services,1569868200000,1577471400000,2019,4,haryana
TOTAL,790808,212797749.81994924,Others,1569868200000,1577471400000,2019,4,haryana
TOTAL,17728235,68367245528.07149,Peer-to-peer payments,1577817000000,1585333800000,2020,1,haryana
TOTAL,14327020,7075196609.224878,Merchant payments,1577817000000,1585333800000,2020,1,haryana
TOTAL,11346112,6331682016.516322,Recharge & bill payments,1577817000000,1585333800000,2020,1,haryana
TOTAL,34488,25266730.1883267,Financial Services,1577817000000,1585333800000,2020,1,haryana
TOTAL,600232,176823674.24305555,Others,1577817000000,1585333800000,2020,1,haryana
TOTAL,17334369,66645492690.67839,Peer-to-peer payments,1585679400000,1593282600000,2020,2,haryana
TOTAL,12740328,6547618491.532405,Recharge & bill payments,1585679400000,1593282600000,2020,2,haryana
TOTAL,11527654,7393393677.758501,Merchant payments,1585679400000,1593282600000,2020,2,haryana
TOTAL,48759,49209527.29146181,Financial Services,1585679400000,1593282600000,2020,2,haryana
TOTAL,129940,75550536.67993587,Others,1585679400000,1593282600000,2020,2,haryana
TOTAL,24123449,88796356487.11024,Peer-to-peer payments,1593541800000,1601231400000,2020,3,haryana
TOTAL,20845136,12141560866.982178,Merchant payments,1593541800000,1601231400000,2020,3,haryana
TOTAL,12716319,8452802892.504496,Recharge & bill payments,1593541800000,1601231400000,2020,3,haryana
TOTAL,66457,80854296.9304013,Financial Services,1593541800000,1601231400000,2020,3,haryana
TOTAL,186818,96375902.20346308,Others,1593541800000,1601231400000,2020,3,haryana
TOTAL,34063692,21382305452.06797,Merchant payments,1601490600000,1609093800000,2020,4,haryana
TOTAL,33920789,128613933346.85507,Peer-to-peer payments,1601490600000,1609093800000,2020,4,haryana
TOTAL,14682896,9675471300.731653,Recharge & bill payments,1601490600000,1609093800000,2020,4,haryana
TOTAL,84881,103265693.75364488,Financial Services,1601490600000,1609093800000,2020,4,haryana
TOTAL,419181,223528573.1334415,Others,1601490600000,1609093800000,2020,4,haryana
TOTAL,39363588,23389100227.155342,Merchant payments,1609439400000,1616869800000,2021,1,haryana
TOTAL,36764622,135970636784.61835,Peer-to-peer payments,1609439400000,1616869800000,2021,1,haryana
TOTAL,13680353,9260346909.440674,Recharge & bill payments,1609439400000,1616869800000,2021,1,haryana
TOTAL,79784,99672809.99228218,Financial Services,1609439400000,1616869800000,2021,1,haryana
TOTAL,364437,218544351.22172093,Others,1609439400000,1616869800000,2021,1,haryana
TOTAL,45335533,29119078263.957985,Merchant payments,1617215400000,1624818600000,2021,2,haryana
TOTAL,44086559,161073685336.6668,Peer-to-peer payments,1617215400000,1624818600000,2021,2,haryana
TOTAL,15861047,9839496894.971409,Recharge & bill payments,1617215400000,1624818600000,2021,2,haryana
TOTAL,85821,97238136.09517692,Financial Services,1617215400000,1624818600000,2021,2,haryana
TOTAL,311896,227855606.99266592,Others,1617215400000,1624818600000,2021,2,haryana
TOTAL,66885213,40190922826.60629,Merchant payments,1625077800000,1632767400000,2021,3,haryana
TOTAL,55929958,188548678300.5247,Peer-to-peer payments,1625077800000,1632767400000,2021,3,haryana
TOTAL,17087955,11681457468.964512,Recharge & bill payments,1625077800000,1632767400000,2021,3,haryana
TOTAL,77496,116592181.46997279,Financial Services,1625077800000,1632767400000,2021,3,haryana
TOTAL,479071,289441481.64370304,Others,1625077800000,1632767400000,2021,3,haryana
TOTAL,84993587,56325102920.50671,Merchant payments,1633026600000,1640629800000,2021,4,haryana
TOTAL,66548306,238638993818.09595,Peer-to-peer payments,1633026600000,1640629800000,2021,4,haryana
TOTAL,17632752,13817258646.066364,Recharge & bill payments,1633026600000,1640629800000,2021,4,haryana
TOTAL,105050,151421306.61683068,Financial Services,1633026600000,1640629800000,2021,4,haryana
TOTAL,407280,307822609.17479354,Others,1633026600000,1640629800000,2021,4,haryana
TOTAL,284371,49871175.82607427,Recharge & bill payments,1514745000000,1522175400000,2018,1,himachal-pradesh
TOTAL,154572,546222027.4835303,Peer-to-peer payments,1514745000000,1522175400000,2018,1,himachal-pradesh
TOTAL,13241,13851230.83495245,Merchant payments,1514745000000,1522175400000,2018,1,himachal-pradesh
TOTAL,8955,2040522.724771278,Financial Services,1514745000000,1522175400000,2018,1,himachal-pradesh
TOTAL,20779,16752849.503009535,Others,1514745000000,1522175400000,2018,1,himachal-pradesh
TOTAL,385642,83714322.414042,Recharge & bill payments,1522521000000,1530124200000,2018,2,himachal-pradesh
TOTAL,243436,1043702964.1513071,Peer-to-peer payments,1522521000000,1530124200000,2018,2,himachal-pradesh
TOTAL,27851,31961300.882765952,Merchant payments,1522521000000,1530124200000,2018,2,himachal-pradesh
TOTAL,11330,4108919.3075577794,Financial Services,1522521000000,1530124200000,2018,2,himachal-pradesh
TOTAL,19436,19681794.59544668,Others,1522521000000,1530124200000,2018,2,himachal-pradesh
TOTAL,457449,108456077.51862916,Recharge & bill payments,1530383400000,1538073000000,2018,3,himachal-pradesh
TOTAL,362755,1596570994.985427,Peer-to-peer payments,1530383400000,1538073000000,2018,3,himachal-pradesh
TOTAL,40675,31168155.22193054,Merchant payments,1530383400000,1538073000000,2018,3,himachal-pradesh
TOTAL,8182,1552275.0537747287,Financial Services,1530383400000,1538073000000,2018,3,himachal-pradesh
TOTAL,17693,16293930.078267336,Others,1530383400000,1538073000000,2018,3,himachal-pradesh
TOTAL,598325,143031082.4432017,Recharge & bill payments,1538332200000,1545935400000,2018,4,himachal-pradesh
TOTAL,590518,2367228879.4462624,Peer-to-peer payments,1538332200000,1545935400000,2018,4,himachal-pradesh
TOTAL,86963,87575811.80014335,Merchant payments,1538332200000,1545935400000,2018,4,himachal-pradesh
TOTAL,11834,2283052.790977265,Financial Services,1538332200000,1545935400000,2018,4,himachal-pradesh
TOTAL,20243,21180141.658664487,Others,1538332200000,1545935400000,2018,4,himachal-pradesh
TOTAL,1178280,3066233587.9236507,Peer-to-peer payments,1546281000000,1553711400000,2019,1,himachal-pradesh
TOTAL,844570,209521987.03977025,Recharge & bill payments,1546281000000,1553711400000,2019,1,himachal-pradesh
TOTAL,115553,86624660.3112043,Merchant payments,1546281000000,1553711400000,2019,1,himachal-pradesh
TOTAL,9585,1424229.9989233727,Financial Services,1546281000000,1553711400000,2019,1,himachal-pradesh
TOTAL,20730,17676977.717503674,Others,1546281000000,1553711400000,2019,1,himachal-pradesh
TOTAL,1141873,4428007670.958708,Peer-to-peer payments,1554057000000,1561660200000,2019,2,himachal-pradesh
TOTAL,1076793,279864579.97562265,Recharge & bill payments,1554057000000,1561660200000,2019,2,himachal-pradesh
TOTAL,248517,141088575.8726466,Merchant payments,1554057000000,1561660200000,2019,2,himachal-pradesh
TOTAL,5013,1453651.5352588107,Financial Services,1554057000000,1561660200000,2019,2,himachal-pradesh
TOTAL,30110,25469495.268363245,Others,1554057000000,1561660200000,2019,2,himachal-pradesh
TOTAL,1212659,327570066.9967147,Recharge & bill payments,1561919400000,1569609000000,2019,3,himachal-pradesh
TOTAL,1181680,5039276845.295213,Peer-to-peer payments,1561919400000,1569609000000,2019,3,himachal-pradesh
TOTAL,312575,182746198.16430056,Merchant payments,1561919400000,1569609000000,2019,3,himachal-pradesh
TOTAL,3096,1775673.9713265826,Financial Services,1561919400000,1569609000000,2019,3,himachal-pradesh
TOTAL,25170,20649996.69578039,Others,1561919400000,1569609000000,2019,3,himachal-pradesh
TOTAL,1579582,6533855301.069828,Peer-to-peer payments,1569868200000,1577471400000,2019,4,himachal-pradesh
TOTAL,1442940,402619114.99428564,Recharge & bill payments,1569868200000,1577471400000,2019,4,himachal-pradesh
TOTAL,467309,314965060.6352696,Merchant payments,1569868200000,1577471400000,2019,4,himachal-pradesh
TOTAL,4576,1769641.9665086274,Financial Services,1569868200000,1577471400000,2019,4,himachal-pradesh
TOTAL,22239,17954418.582290154,Others,1569868200000,1577471400000,2019,4,himachal-pradesh
TOTAL,1815157,542356756.9678606,Recharge & bill payments,1577817000000,1585333800000,2020,1,himachal-pradesh
TOTAL,1594806,6431826925.118802,Peer-to-peer payments,1577817000000,1585333800000,2020,1,himachal-pradesh
TOTAL,711018,427497010.10439825,Merchant payments,1577817000000,1585333800000,2020,1,himachal-pradesh
TOTAL,4711,3172303.6900622216,Financial Services,1577817000000,1585333800000,2020,1,himachal-pradesh
TOTAL,18788,14613755.241563875,Others,1577817000000,1585333800000,2020,1,himachal-pradesh
TOTAL,2558935,802231470.1628922,Recharge & bill payments,1585679400000,1593282600000,2020,2,himachal-pradesh
TOTAL,1544488,6738488218.640328,Peer-to-peer payments,1585679400000,1593282600000,2020,2,himachal-pradesh
TOTAL,570031,479165630.6102103,Merchant payments,1585679400000,1593282600000,2020,2,himachal-pradesh
TOTAL,7634,7359757.737539303,Financial Services,1585679400000,1593282600000,2020,2,himachal-pradesh
TOTAL,14642,9659685.392965626,Others,1585679400000,1593282600000,2020,2,himachal-pradesh
TOTAL,2416395,834567922.2742614,Recharge & bill payments,1593541800000,1601231400000,2020,3,himachal-pradesh
TOTAL,1954492,8806586536.659174,Peer-to-peer payments,1593541800000,1601231400000,2020,3,himachal-pradesh
TOTAL,1090445,851539467.337558,Merchant payments,1593541800000,1601231400000,2020,3,himachal-pradesh
TOTAL,9543,11391079.288736572,Financial Services,1593541800000,1601231400000,2020,3,himachal-pradesh
TOTAL,19001,11969008.527252048,Others,1593541800000,1601231400000,2020,3,himachal-pradesh
TOTAL,2638030,936305777.7250878,Recharge & bill payments,1601490600000,1609093800000,2020,4,himachal-pradesh
TOTAL,2594659,11426268857.229637,Peer-to-peer payments,1601490600000,1609093800000,2020,4,himachal-pradesh
TOTAL,2001259,1589433440.2684097,Merchant payments,1601490600000,1609093800000,2020,4,himachal-pradesh
TOTAL,11353,15534252.217986543,Financial Services,1601490600000,1609093800000,2020,4,himachal-pradesh
TOTAL,27027,21510781.37178286,Others,1601490600000,1609093800000,2020,4,himachal-pradesh
TOTAL,2845733,11358078843.572702,Peer-to-peer payments,1609439400000,1616869800000,2021,1,himachal-pradesh
TOTAL,2547359,948929031.6443391,Recharge & bill payments,1609439400000,1616869800000,2021,1,himachal-pradesh
TOTAL,2186946,1778219850.8347864,Merchant payments,1609439400000,1616869800000,2021,1,himachal-pradesh
TOTAL,12561,16554205.504427344,Financial Services,1609439400000,1616869800000,2021,1,himachal-pradesh
TOTAL,21430,18764977.931273177,Others,1609439400000,1616869800000,2021,1,himachal-pradesh
TOTAL,3340531,13035543546.66397,Peer-to-peer payments,1617215400000,1624818600000,2021,2,himachal-pradesh
TOTAL,3216602,1045789841.916208,Recharge & bill payments,1617215400000,1624818600000,2021,2,himachal-pradesh
TOTAL,2883209,2378084375.199477,Merchant payments,1617215400000,1624818600000,2021,2,himachal-pradesh
TOTAL,14642,16428390.62373627,Financial Services,1617215400000,1624818600000,2021,2,himachal-pradesh
TOTAL,28918,19788385.405835297,Others,1617215400000,1624818600000,2021,2,himachal-pradesh
TOTAL,4455153,16560383923.204865,Peer-to-peer payments,1625077800000,1632767400000,2021,3,himachal-pradesh
TOTAL,4198808,3524434949.634083,Merchant payments,1625077800000,1632767400000,2021,3,himachal-pradesh
TOTAL,3359406,1178802736.5280356,Recharge & bill payments,1625077800000,1632767400000,2021,3,himachal-pradesh
TOTAL,14497,22805774.600357123,Financial Services,1625077800000,1632767400000,2021,3,himachal-pradesh
TOTAL,36303,23834687.160697926,Others,1625077800000,1632767400000,2021,3,himachal-pradesh
TOTAL,6062931,5228613146.743451,Merchant payments,1633026600000,1640629800000,2021,4,himachal-pradesh
TOTAL,5323397,19568394324.584805,Peer-to-peer payments,1633026600000,1640629800000,2021,4,himachal-pradesh
TOTAL,3211367,1278824361.837138,Recharge & bill payments,1633026600000,1640629800000,2021,4,himachal-pradesh
TOTAL,18198,24809740.714031782,Financial Services,1633026600000,1640629800000,2021,4,himachal-pradesh
TOTAL,50971,35578926.74639452,Others,1633026600000,1640629800000,2021,4,himachal-pradesh
TOTAL,457813,78812610.35129012,Recharge & bill payments,1514745000000,1522175400000,2018,1,jammu-&-kashmir
TOTAL,353621,861670157.9310012,Peer-to-peer payments,1514745000000,1522175400000,2018,1,jammu-&-kashmir
TOTAL,65683,10269382.6199755,Financial Services,1514745000000,1522175400000,2018,1,jammu-&-kashmir
TOTAL,28696,30967525.638810236,Merchant payments,1514745000000,1522175400000,2018,1,jammu-&-kashmir
TOTAL,35755,23651562.715049967,Others,1514745000000,1522175400000,2018,1,jammu-&-kashmir
TOTAL,794502,166762242.91718757,Recharge & bill payments,1522521000000,1530124200000,2018,2,jammu-&-kashmir
TOTAL,771844,2372961687.5536175,Peer-to-peer payments,1522521000000,1530124200000,2018,2,jammu-&-kashmir
TOTAL,112422,15636116.81386063,Financial Services,1522521000000,1530124200000,2018,2,jammu-&-kashmir
TOTAL,79248,64454257.5252622,Merchant payments,1522521000000,1530124200000,2018,2,jammu-&-kashmir
TOTAL,38310,31391931.692946266,Others,1522521000000,1530124200000,2018,2,jammu-&-kashmir
TOTAL,1260453,3616022745.5645847,Peer-to-peer payments,1530383400000,1538073000000,2018,3,jammu-&-kashmir
TOTAL,822143,203079955.34644008,Recharge & bill payments,1530383400000,1538073000000,2018,3,jammu-&-kashmir
TOTAL,140076,82826475.18797052,Merchant payments,1530383400000,1538073000000,2018,3,jammu-&-kashmir
TOTAL,44464,6397888.3546260595,Financial Services,1530383400000,1538073000000,2018,3,jammu-&-kashmir
TOTAL,36825,26373935.004048545,Others,1530383400000,1538073000000,2018,3,jammu-&-kashmir
TOTAL,1265457,5151829745.262983,Peer-to-peer payments,1538332200000,1545935400000,2018,4,jammu-&-kashmir
TOTAL,970724,254473764.00233167,Recharge & bill payments,1538332200000,1545935400000,2018,4,jammu-&-kashmir
TOTAL,402303,215771001.5429565,Merchant payments,1538332200000,1545935400000,2018,4,jammu-&-kashmir
TOTAL,33775,6072177.152358056,Financial Services,1538332200000,1545935400000,2018,4,jammu-&-kashmir
TOTAL,49051,36573577.73688933,Others,1538332200000,1545935400000,2018,4,jammu-&-kashmir
TOTAL,1913720,5414709531.836735,Peer-to-peer payments,1546281000000,1553711400000,2019,1,jammu-&-kashmir
TOTAL,1131953,302663112.8884805,Recharge & bill payments,1546281000000,1553711400000,2019,1,jammu-&-kashmir
TOTAL,452379,199219534.93760535,Merchant payments,1546281000000,1553711400000,2019,1,jammu-&-kashmir
TOTAL,43247,4593545.201922052,Financial Services,1546281000000,1553711400000,2019,1,jammu-&-kashmir
TOTAL,43688,30649751.65627311,Others,1546281000000,1553711400000,2019,1,jammu-&-kashmir
TOTAL,1180781,5666318253.462076,Peer-to-peer payments,1554057000000,1561660200000,2019,2,jammu-&-kashmir
TOTAL,706569,215937468.94414753,Recharge & bill payments,1554057000000,1561660200000,2019,2,jammu-&-kashmir
TOTAL,353678,188931529.4882364,Merchant payments,1554057000000,1561660200000,2019,2,jammu-&-kashmir
TOTAL,22663,2652961.353697454,Financial Services,1554057000000,1561660200000,2019,2,jammu-&-kashmir
TOTAL,32664,26301988.31534837,Others,1554057000000,1561660200000,2019,2,jammu-&-kashmir
TOTAL,618694,3499425217.9582095,Peer-to-peer payments,1561919400000,1569609000000,2019,3,jammu-&-kashmir
TOTAL,318061,111964437.03321175,Recharge & bill payments,1561919400000,1569609000000,2019,3,jammu-&-kashmir
TOTAL,165115,120736230.08884756,Merchant payments,1561919400000,1569609000000,2019,3,jammu-&-kashmir
TOTAL,2895,658515.8825482852,Financial Services,1561919400000,1569609000000,2019,3,jammu-&-kashmir
TOTAL,11761,11446090.81965122,Others,1561919400000,1569609000000,2019,3,jammu-&-kashmir
TOTAL,310620,1799955855.9714913,Peer-to-peer payments,1569868200000,1577471400000,2019,4,jammu-&-kashmir
TOTAL,91303,77859073.82317376,Merchant payments,1569868200000,1577471400000,2019,4,jammu-&-kashmir
TOTAL,84803,49065907.04578097,Recharge & bill payments,1569868200000,1577471400000,2019,4,jammu-&-kashmir
TOTAL,197,213741.2862032762,Financial Services,1569868200000,1577471400000,2019,4,jammu-&-kashmir
TOTAL,3005,2601419.6959477984,Others,1569868200000,1577471400000,2019,4,jammu-&-kashmir
TOTAL,435154,2654638582.0865793,Peer-to-peer payments,1577817000000,1585333800000,2020,1,jammu-&-kashmir
TOTAL,341357,144213068.71202034,Recharge & bill payments,1577817000000,1585333800000,2020,1,jammu-&-kashmir
TOTAL,135241,131144418.96503358,Merchant payments,1577817000000,1585333800000,2020,1,jammu-&-kashmir
TOTAL,2350,2116665.1182805505,Financial Services,1577817000000,1585333800000,2020,1,jammu-&-kashmir
TOTAL,7528,5530441.652102945,Others,1577817000000,1585333800000,2020,1,jammu-&-kashmir
TOTAL,1238380,7426818530.258213,Peer-to-peer payments,1585679400000,1593282600000,2020,2,jammu-&-kashmir
TOTAL,1028741,413037418.32063264,Recharge & bill payments,1585679400000,1593282600000,2020,2,jammu-&-kashmir
TOTAL,341375,403026357.7674071,Merchant payments,1585679400000,1593282600000,2020,2,jammu-&-kashmir
TOTAL,9130,10415041.341445928,Financial Services,1585679400000,1593282600000,2020,2,jammu-&-kashmir
TOTAL,17380,12351591.57084975,Others,1585679400000,1593282600000,2020,2,jammu-&-kashmir
TOTAL,1787154,10837119046.792652,Peer-to-peer payments,1593541800000,1601231400000,2020,3,jammu-&-kashmir
TOTAL,1005745,443743222.500647,Recharge & bill payments,1593541800000,1601231400000,2020,3,jammu-&-kashmir
TOTAL,642688,667957476.4350253,Merchant payments,1593541800000,1601231400000,2020,3,jammu-&-kashmir
TOTAL,10111,13281733.802213533,Financial Services,1593541800000,1601231400000,2020,3,jammu-&-kashmir
TOTAL,20200,15128281.341935568,Others,1593541800000,1601231400000,2020,3,jammu-&-kashmir
TOTAL,2378539,13736841259.979288,Peer-to-peer payments,1601490600000,1609093800000,2020,4,jammu-&-kashmir
TOTAL,1900075,536741118.30199385,Recharge & bill payments,1601490600000,1609093800000,2020,4,jammu-&-kashmir
TOTAL,1377786,1045006123.4596367,Merchant payments,1601490600000,1609093800000,2020,4,jammu-&-kashmir
TOTAL,13578,17966592.697469097,Financial Services,1601490600000,1609093800000,2020,4,jammu-&-kashmir
TOTAL,84466,44350708.939814664,Others,1601490600000,1609093800000,2020,4,jammu-&-kashmir
TOTAL,2800201,14801220301.14875,Peer-to-peer payments,1609439400000,1616869800000,2021,1,jammu-&-kashmir
TOTAL,2554798,663747765.6760966,Recharge & bill payments,1609439400000,1616869800000,2021,1,jammu-&-kashmir
TOTAL,1527253,1605408313.4781337,Merchant payments,1609439400000,1616869800000,2021,1,jammu-&-kashmir
TOTAL,17276,20848657.8594191,Financial Services,1609439400000,1616869800000,2021,1,jammu-&-kashmir
TOTAL,98042,47124854.989329115,Others,1609439400000,1616869800000,2021,1,jammu-&-kashmir
TOTAL,3955437,19502438177.8094,Peer-to-peer payments,1617215400000,1624818600000,2021,2,jammu-&-kashmir
TOTAL,3568970,892467613.5545956,Recharge & bill payments,1617215400000,1624818600000,2021,2,jammu-&-kashmir
TOTAL,2378307,2343370985.5822287,Merchant payments,1617215400000,1624818600000,2021,2,jammu-&-kashmir
TOTAL,19432,21897796.187056318,Financial Services,1617215400000,1624818600000,2021,2,jammu-&-kashmir
TOTAL,105673,53580855.45836207,Others,1617215400000,1624818600000,2021,2,jammu-&-kashmir
TOTAL,5621108,26562997915.198593,Peer-to-peer payments,1625077800000,1632767400000,2021,3,jammu-&-kashmir
TOTAL,4192099,1126801385.0108979,Recharge & bill payments,1625077800000,1632767400000,2021,3,jammu-&-kashmir
TOTAL,3197489,3818849262.990345,Merchant payments,1625077800000,1632767400000,2021,3,jammu-&-kashmir
TOTAL,16071,27585395.493344467,Financial Services,1625077800000,1632767400000,2021,3,jammu-&-kashmir
TOTAL,124274,62209689.3389434,Others,1625077800000,1632767400000,2021,3,jammu-&-kashmir
TOTAL,6852001,31444247707.630074,Peer-to-peer payments,1633026600000,1640629800000,2021,4,jammu-&-kashmir
TOTAL,5399465,6026170895.591109,Merchant payments,1633026600000,1640629800000,2021,4,jammu-&-kashmir
TOTAL,4358892,1334473410.4377313,Recharge & bill payments,1633026600000,1640629800000,2021,4,jammu-&-kashmir
TOTAL,20269,34425387.51761782,Financial Services,1633026600000,1640629800000,2021,4,jammu-&-kashmir
TOTAL,160001,86920024.59513804,Others,1633026600000,1640629800000,2021,4,jammu-&-kashmir
TOTAL,1095857,132181815.28422523,Recharge & bill payments,1514745000000,1522175400000,2018,1,jharkhand
TOTAL,809459,2036315435.6551185,Peer-to-peer payments,1514745000000,1522175400000,2018,1,jharkhand
TOTAL,107755,45483178.104925826,Financial Services,1514745000000,1522175400000,2018,1,jharkhand
TOTAL,66299,66465337.511485815,Merchant payments,1514745000000,1522175400000,2018,1,jharkhand
TOTAL,99551,93740623.36363094,Others,1514745000000,1522175400000,2018,1,jharkhand
TOTAL,1398777,208894647.78855115,Recharge & bill payments,1522521000000,1530124200000,2018,2,jharkhand
TOTAL,1375872,4205862516.777491,Peer-to-peer payments,1522521000000,1530124200000,2018,2,jharkhand
TOTAL,160637,65554548.24621317,Financial Services,1522521000000,1530124200000,2018,2,jharkhand
TOTAL,130339,138889079.16124776,Merchant payments,1522521000000,1530124200000,2018,2,jharkhand
TOTAL,86455,102374867.08935027,Others,1522521000000,1530124200000,2018,2,jharkhand
TOTAL,6003688,8142915751.203348,Peer-to-peer payments,1530383400000,1538073000000,2018,3,jharkhand
TOTAL,1539476,256930062.20347697,Recharge & bill payments,1530383400000,1538073000000,2018,3,jharkhand
TOTAL,287427,155059935.04035243,Merchant payments,1530383400000,1538073000000,2018,3,jharkhand
TOTAL,216343,38182603.57787939,Financial Services,1530383400000,1538073000000,2018,3,jharkhand
TOTAL,75687,68483065.67956133,Others,1530383400000,1538073000000,2018,3,jharkhand
TOTAL,3325473,9414019816.80093,Peer-to-peer payments,1538332200000,1545935400000,2018,4,jharkhand
TOTAL,1885135,328077093.4784577,Recharge & bill payments,1538332200000,1545935400000,2018,4,jharkhand
TOTAL,845956,373435992.4816617,Merchant payments,1538332200000,1545935400000,2018,4,jharkhand
TOTAL,136918,36357465.52244099,Financial Services,1538332200000,1545935400000,2018,4,jharkhand
TOTAL,90561,90026272.83887212,Others,1538332200000,1545935400000,2018,4,jharkhand
TOTAL,5952105,12664709652.347084,Peer-to-peer payments,1546281000000,1553711400000,2019,1,jharkhand
TOTAL,2347079,440323945.0577217,Recharge & bill payments,1546281000000,1553711400000,2019,1,jharkhand
TOTAL,892826,391616776.11217976,Merchant payments,1546281000000,1553711400000,2019,1,jharkhand
TOTAL,105558,47227410.81132864,Financial Services,1546281000000,1553711400000,2019,1,jharkhand
TOTAL,90140,83358664.9497917,Others,1546281000000,1553711400000,2019,1,jharkhand
TOTAL,5155937,17044444613.808352,Peer-to-peer payments,1554057000000,1561660200000,2019,2,jharkhand
TOTAL,2734377,562210324.8161657,Recharge & bill payments,1554057000000,1561660200000,2019,2,jharkhand
TOTAL,2049311,862186711.5217196,Merchant payments,1554057000000,1561660200000,2019,2,jharkhand
TOTAL,67479,51588987.16245511,Financial Services,1554057000000,1561660200000,2019,2,jharkhand
TOTAL,121107,102270668.23762833,Others,1554057000000,1561660200000,2019,2,jharkhand
TOTAL,5708187,19050145624.077984,Peer-to-peer payments,1561919400000,1569609000000,2019,3,jharkhand
TOTAL,4766457,1494546030.8330803,Merchant payments,1561919400000,1569609000000,2019,3,jharkhand
TOTAL,3527625,754845093.6112013,Recharge & bill payments,1561919400000,1569609000000,2019,3,jharkhand
TOTAL,103620,80276391.6477037,Financial Services,1561919400000,1569609000000,2019,3,jharkhand
TOTAL,114758,86160853.1891717,Others,1561919400000,1569609000000,2019,3,jharkhand
TOTAL,10301226,25360155657.218044,Peer-to-peer payments,1569868200000,1577471400000,2019,4,jharkhand
TOTAL,4390094,966539484.5717083,Recharge & bill payments,1569868200000,1577471400000,2019,4,jharkhand
TOTAL,3359590,1725990595.6016066,Merchant payments,1569868200000,1577471400000,2019,4,jharkhand
TOTAL,104630,45850806.127185926,Financial Services,1569868200000,1577471400000,2019,4,jharkhand
TOTAL,93078,49211833.15857271,Others,1569868200000,1577471400000,2019,4,jharkhand
TOTAL,8196850,29875044416.372463,Peer-to-peer payments,1577817000000,1585333800000,2020,1,jharkhand
TOTAL,5454093,1358517296.9653778,Recharge & bill payments,1577817000000,1585333800000,2020,1,jharkhand
TOTAL,4499942,2298726414.666834,Merchant payments,1577817000000,1585333800000,2020,1,jharkhand
TOTAL,46483,31523887.510064334,Financial Services,1577817000000,1585333800000,2020,1,jharkhand
TOTAL,85345,47420137.7540625,Others,1577817000000,1585333800000,2020,1,jharkhand
TOTAL,8724053,32662370316.521744,Peer-to-peer payments,1585679400000,1593282600000,2020,2,jharkhand
TOTAL,7538593,1987320466.8540502,Recharge & bill payments,1585679400000,1593282600000,2020,2,jharkhand
TOTAL,3753633,2662438204.2556615,Merchant payments,1585679400000,1593282600000,2020,2,jharkhand
TOTAL,56553,130249402.00867195,Financial Services,1585679400000,1593282600000,2020,2,jharkhand
TOTAL,68679,43823586.28346999,Others,1585679400000,1593282600000,2020,2,jharkhand
TOTAL,11984094,43128110246.27049,Peer-to-peer payments,1593541800000,1601231400000,2020,3,jharkhand
TOTAL,7728846,5163578368.000801,Merchant payments,1593541800000,1601231400000,2020,3,jharkhand
TOTAL,7211293,2217657034.9022017,Recharge & bill payments,1593541800000,1601231400000,2020,3,jharkhand
TOTAL,56918,63233533.18627854,Financial Services,1593541800000,1601231400000,2020,3,jharkhand
TOTAL,87322,50036637.653871216,Others,1593541800000,1601231400000,2020,3,jharkhand
TOTAL,17120664,60733288288.10599,Peer-to-peer payments,1601490600000,1609093800000,2020,4,jharkhand
TOTAL,14168381,9347677563.842455,Merchant payments,1601490600000,1609093800000,2020,4,jharkhand
TOTAL,7945996,2582828438.736846,Recharge & bill payments,1601490600000,1609093800000,2020,4,jharkhand
TOTAL,60989,63947540.001266286,Financial Services,1601490600000,1609093800000,2020,4,jharkhand
TOTAL,135603,77432999.35699823,Others,1601490600000,1609093800000,2020,4,jharkhand
TOTAL,19151083,69198235576.72797,Peer-to-peer payments,1609439400000,1616869800000,2021,1,jharkhand
TOTAL,17489113,11545580927.24733,Merchant payments,1609439400000,1616869800000,2021,1,jharkhand
TOTAL,7826608,2888409672.132301,Recharge & bill payments,1609439400000,1616869800000,2021,1,jharkhand
TOTAL,50526,54836609.32711602,Financial Services,1609439400000,1616869800000,2021,1,jharkhand
TOTAL,104333,62290337.70487929,Others,1609439400000,1616869800000,2021,1,jharkhand
TOTAL,24184568,86037113965.37598,Peer-to-peer payments,1617215400000,1624818600000,2021,2,jharkhand
TOTAL,19041292,14731458451.37311,Merchant payments,1617215400000,1624818600000,2021,2,jharkhand
TOTAL,10583445,3531023352.488878,Recharge & bill payments,1617215400000,1624818600000,2021,2,jharkhand
TOTAL,54379,57959229.95440879,Financial Services,1617215400000,1624818600000,2021,2,jharkhand
TOTAL,138461,75088312.26558907,Others,1617215400000,1624818600000,2021,2,jharkhand
TOTAL,30113326,97742557031.75543,Peer-to-peer payments,1625077800000,1632767400000,2021,3,jharkhand
TOTAL,29687162,19954619973.19194,Merchant payments,1625077800000,1632767400000,2021,3,jharkhand
TOTAL,10742405,4029136911.757236,Recharge & bill payments,1625077800000,1632767400000,2021,3,jharkhand
TOTAL,51289,65035270.30823113,Financial Services,1625077800000,1632767400000,2021,3,jharkhand
TOTAL,201520,99665931.8402131,Others,1625077800000,1632767400000,2021,3,jharkhand
TOTAL,45007900,30397134744.16734,Merchant payments,1633026600000,1640629800000,2021,4,jharkhand
TOTAL,39476282,130461675107.99458,Peer-to-peer payments,1633026600000,1640629800000,2021,4,jharkhand
TOTAL,11173974,4920513757.583611,Recharge & bill payments,1633026600000,1640629800000,2021,4,jharkhand
TOTAL,72802,82938673.40787342,Financial Services,1633026600000,1640629800000,2021,4,jharkhand
TOTAL,278084,154856720.55251962,Others,1633026600000,1640629800000,2021,4,jharkhand
TOTAL,5785292,1496816541.9710202,Recharge & bill payments,1514745000000,1522175400000,2018,1,karnataka
TOTAL,4456528,16522277460.174664,Peer-to-peer payments,1514745000000,1522175400000,2018,1,karnataka
TOTAL,1089627,696586489.2644083,Merchant payments,1514745000000,1522175400000,2018,1,karnataka
TOTAL,159848,52664837.407078,Financial Services,1514745000000,1522175400000,2018,1,karnataka
TOTAL,525604,449549985.19633806,Others,1514745000000,1522175400000,2018,1,karnataka
TOTAL,7391926,2435924808.0540595,Recharge & bill payments,1522521000000,1530124200000,2018,2,karnataka
TOTAL,7164836,29135024501.319633,Peer-to-peer payments,1522521000000,1530124200000,2018,2,karnataka
TOTAL,1874383,1361967204.9193478,Merchant payments,1522521000000,1530124200000,2018,2,karnataka
TOTAL,194363,93244737.61226672,Financial Services,1522521000000,1530124200000,2018,2,karnataka
TOTAL,490939,489418829.39568377,Others,1522521000000,1530124200000,2018,2,karnataka
TOTAL,12863507,42819128165.14718,Peer-to-peer payments,1530383400000,1538073000000,2018,3,karnataka
TOTAL,8674172,3019156590.415938,Recharge & bill payments,1530383400000,1538073000000,2018,3,karnataka
TOTAL,3638065,1879406580.5386481,Merchant payments,1530383400000,1538073000000,2018,3,karnataka
TOTAL,205740,50726023.40346949,Financial Services,1530383400000,1538073000000,2018,3,karnataka
TOTAL,598777,456674396.3028466,Others,1530383400000,1538073000000,2018,3,karnataka
TOTAL,20471744,63575342228.05887,Peer-to-peer payments,1538332200000,1545935400000,2018,4,karnataka
TOTAL,11812478,4751317554.815564,Merchant payments,1538332200000,1545935400000,2018,4,karnataka
TOTAL,11426205,4030978295.062695,Recharge & bill payments,1538332200000,1545935400000,2018,4,karnataka
TOTAL,289353,71134704.79416475,Financial Services,1538332200000,1545935400000,2018,4,karnataka
TOTAL,812291,579613793.3366778,Others,1538332200000,1545935400000,2018,4,karnataka
TOTAL,44049036,104118436760.31566,Peer-to-peer payments,1546281000000,1553711400000,2019,1,karnataka
TOTAL,24491960,7076613843.774634,Merchant payments,1546281000000,1553711400000,2019,1,karnataka
TOTAL,16981941,6217689429.770171,Recharge & bill payments,1546281000000,1553711400000,2019,1,karnataka
TOTAL,293728,51023386.14504391,Financial Services,1546281000000,1553711400000,2019,1,karnataka
TOTAL,770944,512618725.75178516,Others,1546281000000,1553711400000,2019,1,karnataka
TOTAL,50033334,142910706254.40515,Peer-to-peer payments,1554057000000,1561660200000,2019,2,karnataka
TOTAL,44848593,12338599108.54726,Merchant payments,1554057000000,1561660200000,2019,2,karnataka
TOTAL,19283028,7745156562.557001,Recharge & bill payments,1554057000000,1561660200000,2019,2,karnataka
TOTAL,140353,44871623.829314835,Financial Services,1554057000000,1561660200000,2019,2,karnataka
TOTAL,1096296,662690676.7455502,Others,1554057000000,1561660200000,2019,2,karnataka
TOTAL,76924325,20375791901.51608,Merchant payments,1561919400000,1569609000000,2019,3,karnataka
TOTAL,67784880,183163325083.02167,Peer-to-peer payments,1561919400000,1569609000000,2019,3,karnataka
TOTAL,24339891,10208179941.827314,Recharge & bill payments,1561919400000,1569609000000,2019,3,karnataka
TOTAL,189716,57194690.691376016,Financial Services,1561919400000,1569609000000,2019,3,karnataka
TOTAL,1494923,732228821.132016,Others,1561919400000,1569609000000,2019,3,karnataka
TOTAL,114044901,31602890835.851074,Merchant payments,1569868200000,1577471400000,2019,4,karnataka
TOTAL,93311589,250562864352.78363,Peer-to-peer payments,1569868200000,1577471400000,2019,4,karnataka
TOTAL,28862161,12183568521.027195,Recharge & bill payments,1569868200000,1577471400000,2019,4,karnataka
TOTAL,101937,51145982.18087677,Financial Services,1569868200000,1577471400000,2019,4,karnataka
TOTAL,1475664,646673755.3894986,Others,1569868200000,1577471400000,2019,4,karnataka
TOTAL,132970737,40374401933.52864,Merchant payments,1577817000000,1585333800000,2020,1,karnataka
TOTAL,100868460,297635301555.931,Peer-to-peer payments,1577817000000,1585333800000,2020,1,karnataka
TOTAL,35854971,14724886028.403404,Recharge & bill payments,1577817000000,1585333800000,2020,1,karnataka
TOTAL,93648,110130184.7219853,Financial Services,1577817000000,1585333800000,2020,1,karnataka
TOTAL,1246074,557335296.81275,Others,1577817000000,1585333800000,2020,1,karnataka
TOTAL,87251639,38463881234.4382,Merchant payments,1585679400000,1593282600000,2020,2,karnataka
TOTAL,82118363,265767207470.16788,Peer-to-peer payments,1585679400000,1593282600000,2020,2,karnataka
TOTAL,43290272,16434890228.306221,Recharge & bill payments,1585679400000,1593282600000,2020,2,karnataka
TOTAL,161560,246367207.0610708,Financial Services,1585679400000,1593282600000,2020,2,karnataka
TOTAL,399878,192530880.1645686,Others,1585679400000,1593282600000,2020,2,karnataka
TOTAL,137206600,60769881812.00958,Merchant payments,1593541800000,1601231400000,2020,3,karnataka
TOTAL,119241776,390432374828.4793,Peer-to-peer payments,1593541800000,1601231400000,2020,3,karnataka
TOTAL,43139631,18911088810.529343,Recharge & bill payments,1593541800000,1601231400000,2020,3,karnataka
TOTAL,251980,358426105.9585576,Financial Services,1593541800000,1601231400000,2020,3,karnataka
TOTAL,520544,268744139.7048992,Others,1593541800000,1601231400000,2020,3,karnataka
TOTAL,215711211,97147239182.96416,Merchant payments,1601490600000,1609093800000,2020,4,karnataka
TOTAL,166981242,538340957771.568,Peer-to-peer payments,1601490600000,1609093800000,2020,4,karnataka
TOTAL,47736461,21611671359.120274,Recharge & bill payments,1601490600000,1609093800000,2020,4,karnataka
TOTAL,284700,427966918.93005997,Financial Services,1601490600000,1609093800000,2020,4,karnataka
TOTAL,823370,508863332.4358694,Others,1601490600000,1609093800000,2020,4,karnataka
TOTAL,279599017,117959690729.6494,Merchant payments,1609439400000,1616869800000,2021,1,karnataka
TOTAL,190894164,610937002732.095,Peer-to-peer payments,1609439400000,1616869800000,2021,1,karnataka
TOTAL,52261651,25111731675.64637,Recharge & bill payments,1609439400000,1616869800000,2021,1,karnataka
TOTAL,297710,475815041.81600165,Financial Services,1609439400000,1616869800000,2021,1,karnataka
TOTAL,744950,511117233.18647754,Others,1609439400000,1616869800000,2021,1,karnataka
TOTAL,244460862,124624417935.05894,Merchant payments,1617215400000,1624818600000,2021,2,karnataka
TOTAL,216539959,684035748184.4377,Peer-to-peer payments,1617215400000,1624818600000,2021,2,karnataka
TOTAL,68599238,28272314719.07621,Recharge & bill payments,1617215400000,1624818600000,2021,2,karnataka
TOTAL,304779,456933673.9871358,Financial Services,1617215400000,1624818600000,2021,2,karnataka
TOTAL,744208,497736717.48932767,Others,1617215400000,1624818600000,2021,2,karnataka
TOTAL,391381353,190563423840.34485,Merchant payments,1625077800000,1632767400000,2021,3,karnataka
TOTAL,288462867,908138627418.7012,Peer-to-peer payments,1625077800000,1632767400000,2021,3,karnataka
TOTAL,72168311,33386709060.80711,Recharge & bill payments,1625077800000,1632767400000,2021,3,karnataka
TOTAL,286685,508051800.8625039,Financial Services,1625077800000,1632767400000,2021,3,karnataka
TOTAL,997323,637927036.8737218,Others,1625077800000,1632767400000,2021,3,karnataka
TOTAL,503210623,243754536471.1106,Merchant payments,1633026600000,1640629800000,2021,4,karnataka
TOTAL,350032663,1090951587881.0441,Peer-to-peer payments,1633026600000,1640629800000,2021,4,karnataka
TOTAL,76826701,39294350717.405914,Recharge & bill payments,1633026600000,1640629800000,2021,4,karnataka
TOTAL,365769,574240588.1883193,Financial Services,1633026600000,1640629800000,2021,4,karnataka
TOTAL,1289682,896608692.1244912,Others,1633026600000,1640629800000,2021,4,karnataka
TOTAL,988774,157311821.37585658,Recharge & bill payments,1514745000000,1522175400000,2018,1,kerala
TOTAL,600205,2107288314.3025222,Peer-to-peer payments,1514745000000,1522175400000,2018,1,kerala
TOTAL,72164,82919383.04571173,Merchant payments,1514745000000,1522175400000,2018,1,kerala
TOTAL,40170,7957491.901965583,Financial Services,1514745000000,1522175400000,2018,1,kerala
TOTAL,70067,47197742.47444939,Others,1514745000000,1522175400000,2018,1,kerala
TOTAL,1230869,248080143.25702396,Recharge & bill payments,1522521000000,1530124200000,2018,2,kerala
TOTAL,848291,3436199589.077317,Peer-to-peer payments,1522521000000,1530124200000,2018,2,kerala
TOTAL,131217,144501582.04666698,Merchant payments,1522521000000,1530124200000,2018,2,kerala
TOTAL,41100,12355589.34361695,Financial Services,1522521000000,1530124200000,2018,2,kerala
TOTAL,56688,45786439.71799916,Others,1522521000000,1530124200000,2018,2,kerala
TOTAL,1425259,4823239268.279744,Peer-to-peer payments,1530383400000,1538073000000,2018,3,kerala
TOTAL,1407588,296352497.34099543,Recharge & bill payments,1530383400000,1538073000000,2018,3,kerala
TOTAL,210974,160705488.6023575,Merchant payments,1530383400000,1538073000000,2018,3,kerala
TOTAL,37286,6170643.387882499,Financial Services,1530383400000,1538073000000,2018,3,kerala
TOTAL,53241,36557326.26447625,Others,1530383400000,1538073000000,2018,3,kerala
TOTAL,2073960,6959805154.570259,Peer-to-peer payments,1538332200000,1545935400000,2018,4,kerala
TOTAL,1679897,351296525.29857576,Recharge & bill payments,1538332200000,1545935400000,2018,4,kerala
TOTAL,417114,378857199.6490426,Merchant payments,1538332200000,1545935400000,2018,4,kerala
TOTAL,75084,10063656.726067666,Financial Services,1538332200000,1545935400000,2018,4,kerala
TOTAL,64599,47338700.56846385,Others,1538332200000,1545935400000,2018,4,kerala
TOTAL,3601116,9314451112.085835,Peer-to-peer payments,1546281000000,1553711400000,2019,1,kerala
TOTAL,2180915,498453895.947243,Recharge & bill payments,1546281000000,1553711400000,2019,1,kerala
TOTAL,550707,371997848.20066386,Merchant payments,1546281000000,1553711400000,2019,1,kerala
TOTAL,77652,7808573.898364296,Financial Services,1546281000000,1553711400000,2019,1,kerala
TOTAL,58649,42319704.717572376,Others,1546281000000,1553711400000,2019,1,kerala
TOTAL,3519528,11630623424.131498,Peer-to-peer payments,1554057000000,1561660200000,2019,2,kerala
TOTAL,2711299,768892057.7982787,Recharge & bill payments,1554057000000,1561660200000,2019,2,kerala
TOTAL,937130,569545842.9998999,Merchant payments,1554057000000,1561660200000,2019,2,kerala
TOTAL,38869,5823291.622642939,Financial Services,1554057000000,1561660200000,2019,2,kerala
TOTAL,77000,56486944.633225575,Others,1554057000000,1561660200000,2019,2,kerala
TOTAL,4181954,14433990011.32079,Peer-to-peer payments,1561919400000,1569609000000,2019,3,kerala
TOTAL,3431236,1051007778.3129579,Recharge & bill payments,1561919400000,1569609000000,2019,3,kerala
TOTAL,1497029,879510566.1106174,Merchant payments,1561919400000,1569609000000,2019,3,kerala
TOTAL,96130,8910528.723410578,Financial Services,1561919400000,1569609000000,2019,3,kerala
TOTAL,79747,56390837.59670959,Others,1561919400000,1569609000000,2019,3,kerala
TOTAL,5859068,18537483865.44591,Peer-to-peer payments,1569868200000,1577471400000,2019,4,kerala
TOTAL,4097032,1287955351.6647906,Recharge & bill payments,1569868200000,1577471400000,2019,4,kerala
TOTAL,2418428,1268704040.100692,Merchant payments,1569868200000,1577471400000,2019,4,kerala
TOTAL,50728,10816332.760911917,Financial Services,1569868200000,1577471400000,2019,4,kerala
TOTAL,73381,46367047.83244334,Others,1569868200000,1577471400000,2019,4,kerala
TOTAL,6634439,22862907701.60516,Peer-to-peer payments,1577817000000,1585333800000,2020,1,kerala
TOTAL,5507580,1716538277.3696735,Recharge & bill payments,1577817000000,1585333800000,2020,1,kerala
TOTAL,3485036,1810329140.1843734,Merchant payments,1577817000000,1585333800000,2020,1,kerala
TOTAL,38050,17160614.593254916,Financial Services,1577817000000,1585333800000,2020,1,kerala
TOTAL,68417,44149097.18179157,Others,1577817000000,1585333800000,2020,1,kerala
TOTAL,7709714,2452435028.9249372,Recharge & bill payments,1585679400000,1593282600000,2020,2,kerala
TOTAL,5603046,21309983654.739,Peer-to-peer payments,1585679400000,1593282600000,2020,2,kerala
TOTAL,2888260,2075701451.3627596,Merchant payments,1585679400000,1593282600000,2020,2,kerala
TOTAL,40501,32921115.845954426,Financial Services,1585679400000,1593282600000,2020,2,kerala
TOTAL,46446,23037227.727544237,Others,1585679400000,1593282600000,2020,2,kerala
TOTAL,8590587,33346812213.798676,Peer-to-peer payments,1593541800000,1601231400000,2020,3,kerala
TOTAL,7932950,2688361345.204546,Recharge & bill payments,1593541800000,1601231400000,2020,3,kerala
TOTAL,5065205,4016995193.6035366,Merchant payments,1593541800000,1601231400000,2020,3,kerala
TOTAL,94130,76828720.82445312,Financial Services,1593541800000,1601231400000,2020,3,kerala
TOTAL,75808,35153178.52298187,Others,1593541800000,1601231400000,2020,3,kerala
TOTAL,12941135,45686395927.74489,Peer-to-peer payments,1601490600000,1609093800000,2020,4,kerala
TOTAL,10990709,7695667406.723909,Merchant payments,1601490600000,1609093800000,2020,4,kerala
TOTAL,9167428,3238199947.525463,Recharge & bill payments,1601490600000,1609093800000,2020,4,kerala
TOTAL,73833,69202344.44095232,Financial Services,1601490600000,1609093800000,2020,4,kerala
TOTAL,115082,65791020.57617174,Others,1601490600000,1609093800000,2020,4,kerala
TOTAL,16209203,55336812492.74641,Peer-to-peer payments,1609439400000,1616869800000,2021,1,kerala
TOTAL,16105923,10058436408.184261,Merchant payments,1609439400000,1616869800000,2021,1,kerala
TOTAL,9837385,3732534739.0436296,Recharge & bill payments,1609439400000,1616869800000,2021,1,kerala
TOTAL,68012,69655547.76092248,Financial Services,1609439400000,1616869800000,2021,1,kerala
TOTAL,95819,63530974.15939384,Others,1609439400000,1616869800000,2021,1,kerala
TOTAL,17026648,58152644526.04467,Peer-to-peer payments,1617215400000,1624818600000,2021,2,kerala
TOTAL,16135060,11263178335.980885,Merchant payments,1617215400000,1624818600000,2021,2,kerala
TOTAL,13809151,4645548909.798975,Recharge & bill payments,1617215400000,1624818600000,2021,2,kerala
TOTAL,88830,88370679.95309764,Financial Services,1617215400000,1624818600000,2021,2,kerala
TOTAL,131344,77063984.37888283,Others,1617215400000,1624818600000,2021,2,kerala
TOTAL,25402350,17877677018.10737,Merchant payments,1625077800000,1632767400000,2021,3,kerala
TOTAL,23378091,78598482305.73877,Peer-to-peer payments,1625077800000,1632767400000,2021,3,kerala
TOTAL,13979407,5008396079.412957,Recharge & bill payments,1625077800000,1632767400000,2021,3,kerala
TOTAL,85730,101460242.2623948,Financial Services,1625077800000,1632767400000,2021,3,kerala
TOTAL,182688,100146127.60812962,Others,1625077800000,1632767400000,2021,3,kerala
TOTAL,38574904,24589454633.018272,Merchant payments,1633026600000,1640629800000,2021,4,kerala
TOTAL,29075528,92774490034.55844,Peer-to-peer payments,1633026600000,1640629800000,2021,4,kerala
TOTAL,13781815,5689390023.204552,Recharge & bill payments,1633026600000,1640629800000,2021,4,kerala
TOTAL,108232,128238698.74055986,Financial Services,1633026600000,1640629800000,2021,4,kerala
TOTAL,283262,160563553.84187678,Others,1633026600000,1640629800000,2021,4,kerala
TOTAL,3550,927250.7143707818,Recharge & bill payments,1514745000000,1522175400000,2018,1,ladakh
TOTAL,1752,10767803.999610368,Peer-to-peer payments,1514745000000,1522175400000,2018,1,ladakh
TOTAL,320,369327.62555241917,Merchant payments,1514745000000,1522175400000,2018,1,ladakh
TOTAL,132,274283.17576680594,Financial Services,1514745000000,1522175400000,2018,1,ladakh
TOTAL,335,194192.25581440225,Others,1514745000000,1522175400000,2018,1,ladakh
TOTAL,8075,2417434.2729015187,Recharge & bill payments,1522521000000,1530124200000,2018,2,ladakh
TOTAL,5667,42638443.11997231,Peer-to-peer payments,1522521000000,1530124200000,2018,2,ladakh
TOTAL,724,1761366.2964342085,Merchant payments,1522521000000,1530124200000,2018,2,ladakh
TOTAL,151,127324.6279709443,Financial Services,1522521000000,1530124200000,2018,2,ladakh
TOTAL,393,390334.220462498,Others,1522521000000,1530124200000,2018,2,ladakh
TOTAL,13136,4676712.344045115,Recharge & bill payments,1530383400000,1538073000000,2018,3,ladakh
TOTAL,10133,77085890.57395566,Peer-to-peer payments,1530383400000,1538073000000,2018,3,ladakh
TOTAL,1168,2016579.2506718007,Merchant payments,1530383400000,1538073000000,2018,3,ladakh
TOTAL,84,69317.12287872119,Financial Services,1530383400000,1538073000000,2018,3,ladakh
TOTAL,343,242477.8532947429,Others,1530383400000,1538073000000,2018,3,ladakh
TOTAL,16650,5701932.895454288,Recharge & bill payments,1538332200000,1545935400000,2018,4,ladakh
TOTAL,15939,123611779.58930421,Peer-to-peer payments,1538332200000,1545935400000,2018,4,ladakh
TOTAL,1881,5082666.820758243,Merchant payments,1538332200000,1545935400000,2018,4,ladakh
TOTAL,142,94604.73391846984,Financial Services,1538332200000,1545935400000,2018,4,ladakh
TOTAL,599,1031858.4532022325,Others,1538332200000,1545935400000,2018,4,ladakh
TOTAL,22076,139715922.1887053,Peer-to-peer payments,1546281000000,1553711400000,2019,1,ladakh
TOTAL,20014,7186109.182288248,Recharge & bill payments,1546281000000,1553711400000,2019,1,ladakh
TOTAL,3238,4967122.4999400275,Merchant payments,1546281000000,1553711400000,2019,1,ladakh
TOTAL,114,111851.02856430915,Financial Services,1546281000000,1553711400000,2019,1,ladakh
TOTAL,703,878916.0496292994,Others,1546281000000,1553711400000,2019,1,ladakh
TOTAL,34202,240305709.92824298,Peer-to-peer payments,1554057000000,1561660200000,2019,2,ladakh
TOTAL,25357,10116773.366134495,Recharge & bill payments,1554057000000,1561660200000,2019,2,ladakh
TOTAL,8220,7726519.367758205,Merchant payments,1554057000000,1561660200000,2019,2,ladakh
TOTAL,86,113767.09768193656,Financial Services,1554057000000,1561660200000,2019,2,ladakh
TOTAL,907,992737.2376073576,Others,1554057000000,1561660200000,2019,2,ladakh
TOTAL,43198,303596367.67958534,Peer-to-peer payments,1561919400000,1569609000000,2019,3,ladakh
TOTAL,41491,18054746.121448334,Recharge & bill payments,1561919400000,1569609000000,2019,3,ladakh
TOTAL,6963,8096082.971229901,Merchant payments,1561919400000,1569609000000,2019,3,ladakh
TOTAL,48,148633.29469977494,Financial Services,1561919400000,1569609000000,2019,3,ladakh
TOTAL,696,1233697.1268589406,Others,1561919400000,1569609000000,2019,3,ladakh
TOTAL,42095,298044908.5075786,Peer-to-peer payments,1569868200000,1577471400000,2019,4,ladakh
TOTAL,35467,16510212.100753112,Recharge & bill payments,1569868200000,1577471400000,2019,4,ladakh
TOTAL,6522,8717893.899929387,Merchant payments,1569868200000,1577471400000,2019,4,ladakh
TOTAL,46,162760.63254625077,Financial Services,1569868200000,1577471400000,2019,4,ladakh
TOTAL,576,1253584.887304229,Others,1569868200000,1577471400000,2019,4,ladakh
TOTAL,51560,339551900.3873952,Peer-to-peer payments,1577817000000,1585333800000,2020,1,ladakh
TOTAL,49801,23010664.72023286,Recharge & bill payments,1577817000000,1585333800000,2020,1,ladakh
TOTAL,14264,13338124.271892821,Merchant payments,1577817000000,1585333800000,2020,1,ladakh
TOTAL,204,583108.9455483773,Financial Services,1577817000000,1585333800000,2020,1,ladakh
TOTAL,590,1155879.120674257,Others,1577817000000,1585333800000,2020,1,ladakh
TOTAL,70601,32087339.266190995,Recharge & bill payments,1585679400000,1593282600000,2020,2,ladakh
TOTAL,68450,470749365.09816045,Peer-to-peer payments,1585679400000,1593282600000,2020,2,ladakh
TOTAL,15132,19679330.186414924,Merchant payments,1585679400000,1593282600000,2020,2,ladakh
TOTAL,337,786069.1630768818,Financial Services,1585679400000,1593282600000,2020,2,ladakh
TOTAL,490,490894.93818109273,Others,1585679400000,1593282600000,2020,2,ladakh
TOTAL,108345,751333715.2896031,Peer-to-peer payments,1593541800000,1601231400000,2020,3,ladakh
TOTAL,81623,40380074.55014179,Recharge & bill payments,1593541800000,1601231400000,2020,3,ladakh
TOTAL,36861,40538778.75651745,Merchant payments,1593541800000,1601231400000,2020,3,ladakh
TOTAL,621,2334917.7832646337,Financial Services,1593541800000,1601231400000,2020,3,ladakh
TOTAL,772,900013.678666259,Others,1593541800000,1601231400000,2020,3,ladakh
TOTAL,151582,985814864.3429123,Peer-to-peer payments,1601490600000,1609093800000,2020,4,ladakh
TOTAL,94133,44185250.8636451,Recharge & bill payments,1601490600000,1609093800000,2020,4,ladakh
TOTAL,83868,77511378.30739444,Merchant payments,1601490600000,1609093800000,2020,4,ladakh
TOTAL,729,1965054.5898611392,Financial Services,1601490600000,1609093800000,2020,4,ladakh
TOTAL,1822,2486922.4041473325,Others,1601490600000,1609093800000,2020,4,ladakh
TOTAL,141894,869999786.1513934,Peer-to-peer payments,1609439400000,1616869800000,2021,1,ladakh
TOTAL,72719,35459532.4121063,Recharge & bill payments,1609439400000,1616869800000,2021,1,ladakh
TOTAL,58875,74977913.47237433,Merchant payments,1609439400000,1616869800000,2021,1,ladakh
TOTAL,629,1455016.148284281,Financial Services,1609439400000,1616869800000,2021,1,ladakh
TOTAL,1298,1527565.0627209258,Others,1609439400000,1616869800000,2021,1,ladakh
TOTAL,209818,1259044412.4358737,Peer-to-peer payments,1617215400000,1624818600000,2021,2,ladakh
TOTAL,95458,44754721.82815341,Recharge & bill payments,1617215400000,1624818600000,2021,2,ladakh
TOTAL,92078,119608470.0411553,Merchant payments,1617215400000,1624818600000,2021,2,ladakh
TOTAL,755,1756762.1471181023,Financial Services,1617215400000,1624818600000,2021,2,ladakh
TOTAL,1607,2094729.0180191218,Others,1617215400000,1624818600000,2021,2,ladakh
TOTAL,330919,1917311078.1287262,Peer-to-peer payments,1625077800000,1632767400000,2021,3,ladakh
TOTAL,135108,233260756.5088715,Merchant payments,1625077800000,1632767400000,2021,3,ladakh
TOTAL,121856,58750081.8151172,Recharge & bill payments,1625077800000,1632767400000,2021,3,ladakh
TOTAL,900,1911625.5446910746,Financial Services,1625077800000,1632767400000,2021,3,ladakh
TOTAL,2204,2751201.9371823343,Others,1625077800000,1632767400000,2021,3,ladakh
TOTAL,337120,1804428550.1884875,Peer-to-peer payments,1633026600000,1640629800000,2021,4,ladakh
TOTAL,169110,284786365.9296017,Merchant payments,1633026600000,1640629800000,2021,4,ladakh
TOTAL,120607,58403893.47253243,Recharge & bill payments,1633026600000,1640629800000,2021,4,ladakh
TOTAL,912,3068708.947120995,Financial Services,1633026600000,1640629800000,2021,4,ladakh
TOTAL,2438,2847620.2425241945,Others,1633026600000,1640629800000,2021,4,ladakh
TOTAL,423,1860278.2784597143,Peer-to-peer payments,1514745000000,1522175400000,2018,1,lakshadweep
TOTAL,342,61432.04938505074,Recharge & bill payments,1514745000000,1522175400000,2018,1,lakshadweep
TOTAL,5,590.7505138175776,Merchant payments,1514745000000,1522175400000,2018,1,lakshadweep
TOTAL,8,6310.102519157715,Others,1514745000000,1522175400000,2018,1,lakshadweep
TOTAL,1315,5757123.079919379,Peer-to-peer payments,1522521000000,1530124200000,2018,2,lakshadweep
TOTAL,750,353202.7988510042,Recharge & bill payments,1522521000000,1530124200000,2018,2,lakshadweep
TOTAL,42,64568.47789279556,Merchant payments,1522521000000,1530124200000,2018,2,lakshadweep
TOTAL,6,9134.413223158994,Financial Services,1522521000000,1530124200000,2018,2,lakshadweep
TOTAL,19,3780.7695141997474,Others,1522521000000,1530124200000,2018,2,lakshadweep
TOTAL,841,3926048.74488305,Peer-to-peer payments,1530383400000,1538073000000,2018,3,lakshadweep
TOTAL,760,300978.32420203416,Recharge & bill payments,1530383400000,1538073000000,2018,3,lakshadweep
TOTAL,87,94046.43333034206,Merchant payments,1530383400000,1538073000000,2018,3,lakshadweep
TOTAL,15,17958.809570422687,Others,1530383400000,1538073000000,2018,3,lakshadweep
TOTAL,792,351201.0879000404,Recharge & bill payments,1538332200000,1545935400000,2018,4,lakshadweep
TOTAL,689,3841230.430870924,Peer-to-peer payments,1538332200000,1545935400000,2018,4,lakshadweep
TOTAL,144,262079.85573632165,Merchant payments,1538332200000,1545935400000,2018,4,lakshadweep
TOTAL,6,389.8932323919954,Financial Services,1538332200000,1545935400000,2018,4,lakshadweep
TOTAL,11,8312.430483153179,Others,1538332200000,1545935400000,2018,4,lakshadweep
TOTAL,1183,8221402.368536929,Peer-to-peer payments,1546281000000,1553711400000,2019,1,lakshadweep
TOTAL,1173,353870.52398354514,Recharge & bill payments,1546281000000,1553711400000,2019,1,lakshadweep
TOTAL,113,183062.1455975621,Merchant payments,1546281000000,1553711400000,2019,1,lakshadweep
TOTAL,12,27795.441220958,Others,1546281000000,1553711400000,2019,1,lakshadweep
TOTAL,1448,436735.1684614296,Recharge & bill payments,1554057000000,1561660200000,2019,2,lakshadweep
TOTAL,1318,8602732.117788196,Peer-to-peer payments,1554057000000,1561660200000,2019,2,lakshadweep
TOTAL,137,190716.5411561734,Merchant payments,1554057000000,1561660200000,2019,2,lakshadweep
TOTAL,23,12340.30958308919,Others,1554057000000,1561660200000,2019,2,lakshadweep
TOTAL,1528,503049.2411913635,Recharge & bill payments,1561919400000,1569609000000,2019,3,lakshadweep
TOTAL,1455,8923273.862948446,Peer-to-peer payments,1561919400000,1569609000000,2019,3,lakshadweep
TOTAL,111,215159.68119447335,Merchant payments,1561919400000,1569609000000,2019,3,lakshadweep
TOTAL,10,10278.678434187355,Others,1561919400000,1569609000000,2019,3,lakshadweep
TOTAL,1801,618155.9004644766,Recharge & bill payments,1569868200000,1577471400000,2019,4,lakshadweep
TOTAL,1753,10383413.246670496,Peer-to-peer payments,1569868200000,1577471400000,2019,4,lakshadweep
TOTAL,188,211413.62244321496,Merchant payments,1569868200000,1577471400000,2019,4,lakshadweep
TOTAL,2,34.39721181625656,Financial Services,1569868200000,1577471400000,2019,4,lakshadweep
TOTAL,21,56896.23813384895,Others,1569868200000,1577471400000,2019,4,lakshadweep
TOTAL,2684,789255.2646123999,Recharge & bill payments,1577817000000,1585333800000,2020,1,lakshadweep
TOTAL,2068,12463327.261836832,Peer-to-peer payments,1577817000000,1585333800000,2020,1,lakshadweep
TOTAL,387,216594.03077193064,Merchant payments,1577817000000,1585333800000,2020,1,lakshadweep
TOTAL,12,33192.017283045374,Others,1577817000000,1585333800000,2020,1,lakshadweep
TOTAL,4497,1061694.138574572,Recharge & bill payments,1585679400000,1593282600000,2020,2,lakshadweep
TOTAL,2176,14718605.188911092,Peer-to-peer payments,1585679400000,1593282600000,2020,2,lakshadweep
TOTAL,472,971609.4583537823,Merchant payments,1585679400000,1593282600000,2020,2,lakshadweep
TOTAL,60,158593.59701229632,Financial Services,1585679400000,1593282600000,2020,2,lakshadweep
TOTAL,15,32419.703092655054,Others,1585679400000,1593282600000,2020,2,lakshadweep
TOTAL,4696,1186947.553816269,Recharge & bill payments,1593541800000,1601231400000,2020,3,lakshadweep
TOTAL,2946,19189391.618742835,Peer-to-peer payments,1593541800000,1601231400000,2020,3,lakshadweep
TOTAL,903,842981.169451366,Merchant payments,1593541800000,1601231400000,2020,3,lakshadweep
TOTAL,27,45457.50970027798,Financial Services,1593541800000,1601231400000,2020,3,lakshadweep
TOTAL,17,42055.45694608544,Others,1593541800000,1601231400000,2020,3,lakshadweep
TOTAL,5187,1499298.1127799235,Recharge & bill payments,1601490600000,1609093800000,2020,4,lakshadweep
TOTAL,4741,27284123.245665,Peer-to-peer payments,1601490600000,1609093800000,2020,4,lakshadweep
TOTAL,1668,1227101.6378793938,Merchant payments,1601490600000,1609093800000,2020,4,lakshadweep
TOTAL,22,13968.7539965527,Financial Services,1601490600000,1609093800000,2020,4,lakshadweep
TOTAL,32,86826.16675951776,Others,1601490600000,1609093800000,2020,4,lakshadweep
TOTAL,3942,24823715.017422147,Peer-to-peer payments,1609439400000,1616869800000,2021,1,lakshadweep
TOTAL,3541,1070209.4218526704,Recharge & bill payments,1609439400000,1616869800000,2021,1,lakshadweep
TOTAL,1537,1040213.7953898906,Merchant payments,1609439400000,1616869800000,2021,1,lakshadweep
TOTAL,19,15929.095105497145,Financial Services,1609439400000,1616869800000,2021,1,lakshadweep
TOTAL,46,92715.5843109472,Others,1609439400000,1616869800000,2021,1,lakshadweep
TOTAL,5499,1745295.828077295,Recharge & bill payments,1617215400000,1624818600000,2021,2,lakshadweep
TOTAL,4069,23996417.49366483,Peer-to-peer payments,1617215400000,1624818600000,2021,2,lakshadweep
TOTAL,1743,1525331.9146529401,Merchant payments,1617215400000,1624818600000,2021,2,lakshadweep
TOTAL,29,15052.018496008179,Financial Services,1617215400000,1624818600000,2021,2,lakshadweep
TOTAL,44,101366.40306045809,Others,1617215400000,1624818600000,2021,2,lakshadweep
TOTAL,5687,34142107.520169854,Peer-to-peer payments,1625077800000,1632767400000,2021,3,lakshadweep
TOTAL,5153,1700287.4734963956,Recharge & bill payments,1625077800000,1632767400000,2021,3,lakshadweep
TOTAL,2450,2750367.063028222,Merchant payments,1625077800000,1632767400000,2021,3,lakshadweep
TOTAL,48,137227.35390598275,Financial Services,1625077800000,1632767400000,2021,3,lakshadweep
TOTAL,32,73174.28816768769,Others,1625077800000,1632767400000,2021,3,lakshadweep
TOTAL,7154,44696668.86120765,Peer-to-peer payments,1633026600000,1640629800000,2021,4,lakshadweep
TOTAL,5355,2093901.2918026838,Recharge & bill payments,1633026600000,1640629800000,2021,4,lakshadweep
TOTAL,2872,4071239.087436496,Merchant payments,1633026600000,1640629800000,2021,4,lakshadweep
TOTAL,27,19994.541946360278,Financial Services,1633026600000,1640629800000,2021,4,lakshadweep
TOTAL,62,116381.74598782149,Others,1633026600000,1640629800000,2021,4,lakshadweep
TOTAL,4404190,667057311.4560372,Recharge & bill payments,1514745000000,1522175400000,2018,1,madhya-pradesh
TOTAL,2848290,7590790588.551903,Peer-to-peer payments,1514745000000,1522175400000,2018,1,madhya-pradesh
TOTAL,230519,43374288.98373023,Financial Services,1514745000000,1522175400000,2018,1,madhya-pradesh
TOTAL,196394,170119673.71275404,Merchant payments,1514745000000,1522175400000,2018,1,madhya-pradesh
TOTAL,346002,210261540.7414958,Others,1514745000000,1522175400000,2018,1,madhya-pradesh
TOTAL,5324535,1132090445.8903365,Recharge & bill payments,1522521000000,1530124200000,2018,2,madhya-pradesh
TOTAL,4269392,14155603482.492638,Peer-to-peer payments,1522521000000,1530124200000,2018,2,madhya-pradesh
TOTAL,397135,339308203.1707404,Merchant payments,1522521000000,1530124200000,2018,2,madhya-pradesh
TOTAL,305553,53860331.805742756,Financial Services,1522521000000,1530124200000,2018,2,madhya-pradesh
TOTAL,264797,243218603.31985626,Others,1522521000000,1530124200000,2018,2,madhya-pradesh
TOTAL,9988509,22057686208.544342,Peer-to-peer payments,1530383400000,1538073000000,2018,3,madhya-pradesh
TOTAL,5733261,1367773856.6756551,Recharge & bill payments,1530383400000,1538073000000,2018,3,madhya-pradesh
TOTAL,784995,465390819.59013355,Merchant payments,1530383400000,1538073000000,2018,3,madhya-pradesh
TOTAL,359440,46120458.63885434,Financial Services,1530383400000,1538073000000,2018,3,madhya-pradesh
TOTAL,260780,212770861.22341695,Others,1530383400000,1538073000000,2018,3,madhya-pradesh
TOTAL,11456555,30897348664.90544,Peer-to-peer payments,1538332200000,1545935400000,2018,4,madhya-pradesh
TOTAL,7273502,1669345516.941368,Recharge & bill payments,1538332200000,1545935400000,2018,4,madhya-pradesh
TOTAL,2056426,1036249753.9278035,Merchant payments,1538332200000,1545935400000,2018,4,madhya-pradesh
TOTAL,313540,43367243.154430926,Financial Services,1538332200000,1545935400000,2018,4,madhya-pradesh
TOTAL,297532,259296894.03827757,Others,1538332200000,1545935400000,2018,4,madhya-pradesh
TOTAL,23708825,44114206183.09186,Peer-to-peer payments,1546281000000,1553711400000,2019,1,madhya-pradesh
TOTAL,9966905,2423593841.716142,Recharge & bill payments,1546281000000,1553711400000,2019,1,madhya-pradesh
TOTAL,3018928,1263699222.3501081,Merchant payments,1546281000000,1553711400000,2019,1,madhya-pradesh
TOTAL,290838,28901169.292499043,Financial Services,1546281000000,1553711400000,2019,1,madhya-pradesh
TOTAL,315553,239879105.5972368,Others,1546281000000,1553711400000,2019,1,madhya-pradesh
TOTAL,20868744,61758841793.87666,Peer-to-peer payments,1554057000000,1561660200000,2019,2,madhya-pradesh
TOTAL,12044969,3571897178.303101,Recharge & bill payments,1554057000000,1561660200000,2019,2,madhya-pradesh
TOTAL,7331352,2671155681.449155,Merchant payments,1554057000000,1561660200000,2019,2,madhya-pradesh
TOTAL,149197,18869661.513485767,Financial Services,1554057000000,1561660200000,2019,2,madhya-pradesh
TOTAL,451751,313802065.4154737,Others,1554057000000,1561660200000,2019,2,madhya-pradesh
TOTAL,22631038,67648107703.0357,Peer-to-peer payments,1561919400000,1569609000000,2019,3,madhya-pradesh
TOTAL,17163551,5147459307.101742,Merchant payments,1561919400000,1569609000000,2019,3,madhya-pradesh
TOTAL,13156616,4576521609.460834,Recharge & bill payments,1561919400000,1569609000000,2019,3,madhya-pradesh
TOTAL,192821,25654168.60092132,Financial Services,1561919400000,1569609000000,2019,3,madhya-pradesh
TOTAL,466385,278578703.0441117,Others,1561919400000,1569609000000,2019,3,madhya-pradesh
TOTAL,32083162,92064471161.9892,Peer-to-peer payments,1569868200000,1577471400000,2019,4,madhya-pradesh
TOTAL,19447707,7304157801.612935,Merchant payments,1569868200000,1577471400000,2019,4,madhya-pradesh
TOTAL,16081734,5104821720.999016,Recharge & bill payments,1569868200000,1577471400000,2019,4,madhya-pradesh
TOTAL,127116,24020060.932133198,Financial Services,1569868200000,1577471400000,2019,4,madhya-pradesh
TOTAL,392270,190456045.32494444,Others,1569868200000,1577471400000,2019,4,madhya-pradesh
TOTAL,34540722,110325991607.38477,Peer-to-peer payments,1577817000000,1585333800000,2020,1,madhya-pradesh
TOTAL,24618074,9898242848.25793,Merchant payments,1577817000000,1585333800000,2020,1,madhya-pradesh
TOTAL,19788516,6311610609.846225,Recharge & bill payments,1577817000000,1585333800000,2020,1,madhya-pradesh
TOTAL,68055,30645714.401902914,Financial Services,1577817000000,1585333800000,2020,1,madhya-pradesh
TOTAL,351379,170790656.30339786,Others,1577817000000,1585333800000,2020,1,madhya-pradesh
TOTAL,34860958,128184693854.7977,Peer-to-peer payments,1585679400000,1593282600000,2020,2,madhya-pradesh
TOTAL,27497528,8904067957.01212,Recharge & bill payments,1585679400000,1593282600000,2020,2,madhya-pradesh
TOTAL,13685723,10666223053.634727,Merchant payments,1585679400000,1593282600000,2020,2,madhya-pradesh
TOTAL,80988,62073621.44351514,Financial Services,1585679400000,1593282600000,2020,2,madhya-pradesh
TOTAL,215376,104956802.17437972,Others,1585679400000,1593282600000,2020,2,madhya-pradesh
TOTAL,50871564,174978985034.2865,Peer-to-peer payments,1593541800000,1601231400000,2020,3,madhya-pradesh
TOTAL,31879804,20621273981.65966,Merchant payments,1593541800000,1601231400000,2020,3,madhya-pradesh
TOTAL,25380467,9834190567.205517,Recharge & bill payments,1593541800000,1601231400000,2020,3,madhya-pradesh
TOTAL,131725,122971108.07060198,Financial Services,1593541800000,1601231400000,2020,3,madhya-pradesh
TOTAL,316321,144259293.31583393,Others,1593541800000,1601231400000,2020,3,madhya-pradesh
TOTAL,67972167,235584201864.22342,Peer-to-peer payments,1601490600000,1609093800000,2020,4,madhya-pradesh
TOTAL,57707471,37315576877.14569,Merchant payments,1601490600000,1609093800000,2020,4,madhya-pradesh
TOTAL,27335834,10977774483.325565,Recharge & bill payments,1601490600000,1609093800000,2020,4,madhya-pradesh
TOTAL,149532,132590450.07074244,Financial Services,1601490600000,1609093800000,2020,4,madhya-pradesh
TOTAL,487537,264996097.6059612,Others,1601490600000,1609093800000,2020,4,madhya-pradesh
TOTAL,84812245,50098244499.50662,Merchant payments,1609439400000,1616869800000,2021,1,madhya-pradesh
TOTAL,84070625,279938170703.8171,Peer-to-peer payments,1609439400000,1616869800000,2021,1,madhya-pradesh
TOTAL,32500681,13060914041.039404,Recharge & bill payments,1609439400000,1616869800000,2021,1,madhya-pradesh
TOTAL,169378,161838389.7954778,Financial Services,1609439400000,1616869800000,2021,1,madhya-pradesh
TOTAL,445569,274786748.1299523,Others,1609439400000,1616869800000,2021,1,madhya-pradesh
TOTAL,99367521,348935762191.10486,Peer-to-peer payments,1617215400000,1624818600000,2021,2,madhya-pradesh
TOTAL,77113464,58839392449.9937,Merchant payments,1617215400000,1624818600000,2021,2,madhya-pradesh
TOTAL,46118636,17230546398.848663,Recharge & bill payments,1617215400000,1624818600000,2021,2,madhya-pradesh
TOTAL,188726,177313389.66602695,Financial Services,1617215400000,1624818600000,2021,2,madhya-pradesh
TOTAL,526333,317753606.01156956,Others,1617215400000,1624818600000,2021,2,madhya-pradesh
TOTAL,138433772,85885669792.43228,Merchant payments,1625077800000,1632767400000,2021,3,madhya-pradesh
TOTAL,127654821,398912712886.4574,Peer-to-peer payments,1625077800000,1632767400000,2021,3,madhya-pradesh
TOTAL,44437315,19025346050.627724,Recharge & bill payments,1625077800000,1632767400000,2021,3,madhya-pradesh
TOTAL,174454,180366422.58245987,Financial Services,1625077800000,1632767400000,2021,3,madhya-pradesh
TOTAL,742972,408508699.4365407,Others,1625077800000,1632767400000,2021,3,madhya-pradesh
TOTAL,197193842,126461098235.02324,Merchant payments,1633026600000,1640629800000,2021,4,madhya-pradesh
TOTAL,159649020,507118521843.3588,Peer-to-peer payments,1633026600000,1640629800000,2021,4,madhya-pradesh
TOTAL,46220966,22492766779.156635,Recharge & bill payments,1633026600000,1640629800000,2021,4,madhya-pradesh
TOTAL,247925,246488171.37792647,Financial Services,1633026600000,1640629800000,2021,4,madhya-pradesh
TOTAL,996331,568617375.5894115,Others,1633026600000,1640629800000,2021,4,madhya-pradesh
TOTAL,9670237,2283567431.223535,Recharge & bill payments,1514745000000,1522175400000,2018,1,maharashtra
TOTAL,5227770,18283896464.750908,Peer-to-peer payments,1514745000000,1522175400000,2018,1,maharashtra
TOTAL,616779,576964070.7366859,Merchant payments,1514745000000,1522175400000,2018,1,maharashtra
TOTAL,235051,60997258.060299724,Financial Services,1514745000000,1522175400000,2018,1,maharashtra
TOTAL,637197,506188032.9539564,Others,1514745000000,1522175400000,2018,1,maharashtra
TOTAL,12384216,3725800358.6814823,Recharge & bill payments,1522521000000,1530124200000,2018,2,maharashtra
TOTAL,7772336,30782831245.6586,Peer-to-peer payments,1522521000000,1530124200000,2018,2,maharashtra
TOTAL,1306326,1226121649.4989598,Merchant payments,1522521000000,1530124200000,2018,2,maharashtra
TOTAL,262875,85545909.43528841,Financial Services,1522521000000,1530124200000,2018,2,maharashtra
TOTAL,559987,536758077.84638786,Others,1522521000000,1530124200000,2018,2,maharashtra
TOTAL,14371791,4547486090.186737,Recharge & bill payments,1530383400000,1538073000000,2018,3,maharashtra
TOTAL,13470065,45466534003.980484,Peer-to-peer payments,1530383400000,1538073000000,2018,3,maharashtra
TOTAL,2797204,1702220875.4343855,Merchant payments,1530383400000,1538073000000,2018,3,maharashtra
TOTAL,234598,52348968.006728604,Financial Services,1530383400000,1538073000000,2018,3,maharashtra
TOTAL,664880,492227795.6386977,Others,1530383400000,1538073000000,2018,3,maharashtra
TOTAL,20824667,68974011019.10294,Peer-to-peer payments,1538332200000,1545935400000,2018,4,maharashtra
TOTAL,18071025,5860865070.470685,Recharge & bill payments,1538332200000,1545935400000,2018,4,maharashtra
TOTAL,6047705,3985195742.2480145,Merchant payments,1538332200000,1545935400000,2018,4,maharashtra
TOTAL,325121,77345546.53012432,Financial Services,1538332200000,1545935400000,2018,4,maharashtra
TOTAL,821705,621519669.4818641,Others,1538332200000,1545935400000,2018,4,maharashtra
TOTAL,37360716,97373087988.08871,Peer-to-peer payments,1546281000000,1553711400000,2019,1,maharashtra
TOTAL,24540041,8256500586.651282,Recharge & bill payments,1546281000000,1553711400000,2019,1,maharashtra
TOTAL,12069119,5172594695.5318,Merchant payments,1546281000000,1553711400000,2019,1,maharashtra
TOTAL,287569,49487746.20873056,Financial Services,1546281000000,1553711400000,2019,1,maharashtra
TOTAL,821624,569019903.8604956,Others,1546281000000,1553711400000,2019,1,maharashtra
TOTAL,42546317,130558153687.9542,Peer-to-peer payments,1554057000000,1561660200000,2019,2,maharashtra
TOTAL,29395661,12197234771.434273,Recharge & bill payments,1554057000000,1561660200000,2019,2,maharashtra
TOTAL,27854042,9728561726.767143,Merchant payments,1554057000000,1561660200000,2019,2,maharashtra
TOTAL,182840,45291636.10507481,Financial Services,1554057000000,1561660200000,2019,2,maharashtra
TOTAL,1170993,765228265.7976472,Others,1554057000000,1561660200000,2019,2,maharashtra
TOTAL,57991699,165731686168.5575,Peer-to-peer payments,1561919400000,1569609000000,2019,3,maharashtra
TOTAL,54683738,17545729507.395977,Merchant payments,1561919400000,1569609000000,2019,3,maharashtra
TOTAL,34309301,15471698543.739597,Recharge & bill payments,1561919400000,1569609000000,2019,3,maharashtra
TOTAL,231467,54108447.39407451,Financial Services,1561919400000,1569609000000,2019,3,maharashtra
TOTAL,1519376,814284077.8637518,Others,1561919400000,1569609000000,2019,3,maharashtra
TOTAL,80127804,27209874138.487556,Merchant payments,1569868200000,1577471400000,2019,4,maharashtra
TOTAL,78795871,227268054757.21698,Peer-to-peer payments,1569868200000,1577471400000,2019,4,maharashtra
TOTAL,40705998,17794666215.044445,Recharge & bill payments,1569868200000,1577471400000,2019,4,maharashtra
TOTAL,129755,49622863.824426055,Financial Services,1569868200000,1577471400000,2019,4,maharashtra
TOTAL,1501192,672210824.9770112,Others,1569868200000,1577471400000,2019,4,maharashtra
TOTAL,100337738,35200130304.82776,Merchant payments,1577817000000,1585333800000,2020,1,maharashtra
TOTAL,87067410,262541205695.8384,Peer-to-peer payments,1577817000000,1585333800000,2020,1,maharashtra
TOTAL,50199498,21603565070.425602,Recharge & bill payments,1577817000000,1585333800000,2020,1,maharashtra
TOTAL,123476,91363684.1276232,Financial Services,1577817000000,1585333800000,2020,1,maharashtra
TOTAL,1215959,558931962.876125,Others,1577817000000,1585333800000,2020,1,maharashtra
TOTAL,74295930,239933338682.6934,Peer-to-peer payments,1585679400000,1593282600000,2020,2,maharashtra
TOTAL,60856480,23112343247.416145,Recharge & bill payments,1585679400000,1593282600000,2020,2,maharashtra
TOTAL,48965388,32859184582.219048,Merchant payments,1585679400000,1593282600000,2020,2,maharashtra
TOTAL,206461,211733275.7829895,Financial Services,1585679400000,1593282600000,2020,2,maharashtra
TOTAL,466502,242917371.3033281,Others,1585679400000,1593282600000,2020,2,maharashtra
TOTAL,108436214,351555554813.2122,Peer-to-peer payments,1593541800000,1601231400000,2020,3,maharashtra
TOTAL,100808237,60171102123.94888,Merchant payments,1593541800000,1601231400000,2020,3,maharashtra
TOTAL,58082283,27915727882.59293,Recharge & bill payments,1593541800000,1601231400000,2020,3,maharashtra
TOTAL,325453,333669599.61883616,Financial Services,1593541800000,1601231400000,2020,3,maharashtra
TOTAL,658737,331024593.0721529,Others,1593541800000,1601231400000,2020,3,maharashtra
TOTAL,189845640,103804638603.74611,Merchant payments,1601490600000,1609093800000,2020,4,maharashtra
TOTAL,151741840,485747881733.823,Peer-to-peer payments,1601490600000,1609093800000,2020,4,maharashtra
TOTAL,64556682,31556917821.77767,Recharge & bill payments,1601490600000,1609093800000,2020,4,maharashtra
TOTAL,398409,418399992.5395771,Financial Services,1601490600000,1609093800000,2020,4,maharashtra
TOTAL,1078433,627692680.4078207,Others,1601490600000,1609093800000,2020,4,maharashtra
TOTAL,253043309,129493046208.15726,Merchant payments,1609439400000,1616869800000,2021,1,maharashtra
TOTAL,187021609,599213284361.7993,Peer-to-peer payments,1609439400000,1616869800000,2021,1,maharashtra
TOTAL,76389103,40057211827.15962,Recharge & bill payments,1609439400000,1616869800000,2021,1,maharashtra
TOTAL,439551,492900202.68315214,Financial Services,1609439400000,1616869800000,2021,1,maharashtra
TOTAL,966668,630909553.4508264,Others,1609439400000,1616869800000,2021,1,maharashtra
TOTAL,247194293,150864465217.02304,Merchant payments,1617215400000,1624818600000,2021,2,maharashtra
TOTAL,228551961,719859665693.5271,Peer-to-peer payments,1617215400000,1624818600000,2021,2,maharashtra
TOTAL,96271138,43154405548.44597,Recharge & bill payments,1617215400000,1624818600000,2021,2,maharashtra
TOTAL,504252,536780917.0359157,Financial Services,1617215400000,1624818600000,2021,2,maharashtra
TOTAL,1094842,699738247.6695637,Others,1617215400000,1624818600000,2021,2,maharashtra
TOTAL,390051884,216701984638.98932,Merchant payments,1625077800000,1632767400000,2021,3,maharashtra
TOTAL,296951706,890860873379.5576,Peer-to-peer payments,1625077800000,1632767400000,2021,3,maharashtra
TOTAL,103943973,50242023586.056046,Recharge & bill payments,1625077800000,1632767400000,2021,3,maharashtra
TOTAL,448646,579098938.658318,Financial Services,1625077800000,1632767400000,2021,3,maharashtra
TOTAL,1477851,873324624.1826177,Others,1625077800000,1632767400000,2021,3,maharashtra
TOTAL,540351277,305512280091.4157,Merchant payments,1633026600000,1640629800000,2021,4,maharashtra
TOTAL,361865450,1109862480618.2227,Peer-to-peer payments,1633026600000,1640629800000,2021,4,maharashtra
TOTAL,105990417,58087950922.43887,Recharge & bill payments,1633026600000,1640629800000,2021,4,maharashtra
TOTAL,606265,707102765.3058928,Financial Services,1633026600000,1640629800000,2021,4,maharashtra
TOTAL,1918093,1188658731.1175365,Others,1633026600000,1640629800000,2021,4,maharashtra
TOTAL,50212,6463184.554711691,Recharge & bill payments,1514745000000,1522175400000,2018,1,manipur
TOTAL,26382,115495173.55796441,Peer-to-peer payments,1514745000000,1522175400000,2018,1,manipur
TOTAL,2660,412579.53985461866,Financial Services,1514745000000,1522175400000,2018,1,manipur
TOTAL,1614,3616475.6407912206,Merchant payments,1514745000000,1522175400000,2018,1,manipur
TOTAL,3201,2058760.6368871084,Others,1514745000000,1522175400000,2018,1,manipur
TOTAL,77991,11541247.784420915,Recharge & bill payments,1522521000000,1530124200000,2018,2,manipur
TOTAL,60365,232157389.7914803,Peer-to-peer payments,1522521000000,1530124200000,2018,2,manipur
TOTAL,5992,1241901.2660397931,Financial Services,1522521000000,1530124200000,2018,2,manipur
TOTAL,4041,5366759.827729835,Merchant payments,1522521000000,1530124200000,2018,2,manipur
TOTAL,3332,2902422.6498233806,Others,1522521000000,1530124200000,2018,2,manipur
TOTAL,95204,357768750.1845896,Peer-to-peer payments,1530383400000,1538073000000,2018,3,manipur
TOTAL,81323,13912990.484925149,Recharge & bill payments,1530383400000,1538073000000,2018,3,manipur
TOTAL,7396,9180953.977358334,Merchant payments,1530383400000,1538073000000,2018,3,manipur
TOTAL,2577,333081.6368315,Financial Services,1530383400000,1538073000000,2018,3,manipur
TOTAL,2758,2135468.510417797,Others,1530383400000,1538073000000,2018,3,manipur
TOTAL,113507,18898063.282383174,Recharge & bill payments,1538332200000,1545935400000,2018,4,manipur
TOTAL,104872,562009595.9601889,Peer-to-peer payments,1538332200000,1545935400000,2018,4,manipur
TOTAL,13333,20685433.28430717,Merchant payments,1538332200000,1545935400000,2018,4,manipur
TOTAL,1452,307325.2437723951,Financial Services,1538332200000,1545935400000,2018,4,manipur
TOTAL,2946,3783141.5353601985,Others,1538332200000,1545935400000,2018,4,manipur
TOTAL,127067,619919870.7455351,Peer-to-peer payments,1546281000000,1553711400000,2019,1,manipur
TOTAL,120000,22106830.369149238,Recharge & bill payments,1546281000000,1553711400000,2019,1,manipur
TOTAL,15190,14580183.380707521,Merchant payments,1546281000000,1553711400000,2019,1,manipur
TOTAL,800,174777.17283837448,Financial Services,1546281000000,1553711400000,2019,1,manipur
TOTAL,2352,3116398.755848917,Others,1546281000000,1553711400000,2019,1,manipur
TOTAL,120153,679785849.1398683,Peer-to-peer payments,1554057000000,1561660200000,2019,2,manipur
TOTAL,116500,23573234.273060285,Recharge & bill payments,1554057000000,1561660200000,2019,2,manipur
TOTAL,18044,15996651.145700552,Merchant payments,1554057000000,1561660200000,2019,2,manipur
TOTAL,387,91955.01538259834,Financial Services,1554057000000,1561660200000,2019,2,manipur
TOTAL,2341,3342252.5754885403,Others,1554057000000,1561660200000,2019,2,manipur
TOTAL,180057,36634657.049143404,Recharge & bill payments,1561919400000,1569609000000,2019,3,manipur
TOTAL,144965,803335616.6325192,Peer-to-peer payments,1561919400000,1569609000000,2019,3,manipur
TOTAL,17683,20490224.443041254,Merchant payments,1561919400000,1569609000000,2019,3,manipur
TOTAL,358,367865.7884662621,Financial Services,1561919400000,1569609000000,2019,3,manipur
TOTAL,1945,2723638.649764262,Others,1561919400000,1569609000000,2019,3,manipur
TOTAL,212136,44202546.57396081,Recharge & bill payments,1569868200000,1577471400000,2019,4,manipur
TOTAL,211927,1123258478.445069,Peer-to-peer payments,1569868200000,1577471400000,2019,4,manipur
TOTAL,23094,30486780.446382143,Merchant payments,1569868200000,1577471400000,2019,4,manipur
TOTAL,548,240641.7657683481,Financial Services,1569868200000,1577471400000,2019,4,manipur
TOTAL,1639,2709234.857456133,Others,1569868200000,1577471400000,2019,4,manipur
TOTAL,451733,2458093401.740467,Peer-to-peer payments,1577817000000,1585333800000,2020,1,manipur
TOTAL,285234,62688260.379548095,Recharge & bill payments,1577817000000,1585333800000,2020,1,manipur
TOTAL,78067,74202067.0664826,Merchant payments,1577817000000,1585333800000,2020,1,manipur
TOTAL,622,354184.4660589617,Financial Services,1577817000000,1585333800000,2020,1,manipur
TOTAL,3145,3252467.2243867153,Others,1577817000000,1585333800000,2020,1,manipur
TOTAL,533206,2980242535.075443,Peer-to-peer payments,1585679400000,1593282600000,2020,2,manipur
TOTAL,450830,107589094.29890464,Recharge & bill payments,1585679400000,1593282600000,2020,2,manipur
TOTAL,92110,106540409.29886684,Merchant payments,1585679400000,1593282600000,2020,2,manipur
TOTAL,1676,1457570.8004862315,Financial Services,1585679400000,1593282600000,2020,2,manipur
TOTAL,5246,3106603.331810386,Others,1585679400000,1593282600000,2020,2,manipur
TOTAL,774786,4301284799.331292,Peer-to-peer payments,1593541800000,1601231400000,2020,3,manipur
TOTAL,464659,113190539.14969069,Recharge & bill payments,1593541800000,1601231400000,2020,3,manipur
TOTAL,170653,195132026.6311202,Merchant payments,1593541800000,1601231400000,2020,3,manipur
TOTAL,1878,1593035.944066228,Financial Services,1593541800000,1601231400000,2020,3,manipur
TOTAL,8192,4775719.8143366445,Others,1593541800000,1601231400000,2020,3,manipur
TOTAL,892853,5172499337.530437,Peer-to-peer payments,1601490600000,1609093800000,2020,4,manipur
TOTAL,436450,114202616.34869762,Recharge & bill payments,1601490600000,1609093800000,2020,4,manipur
TOTAL,289050,307902115.38207734,Merchant payments,1601490600000,1609093800000,2020,4,manipur
TOTAL,1806,2448402.9142817147,Financial Services,1601490600000,1609093800000,2020,4,manipur
TOTAL,7693,5172086.283260544,Others,1601490600000,1609093800000,2020,4,manipur
TOTAL,1117829,6402367883.667423,Peer-to-peer payments,1609439400000,1616869800000,2021,1,manipur
TOTAL,796590,223955812.58644393,Recharge & bill payments,1609439400000,1616869800000,2021,1,manipur
TOTAL,377280,433297594.1352152,Merchant payments,1609439400000,1616869800000,2021,1,manipur
TOTAL,3398,4385333.1754908115,Financial Services,1609439400000,1616869800000,2021,1,manipur
TOTAL,8438,6280890.914669826,Others,1609439400000,1616869800000,2021,1,manipur
TOTAL,1372821,7041837917.785187,Peer-to-peer payments,1617215400000,1624818600000,2021,2,manipur
TOTAL,1187952,305103750.5728581,Recharge & bill payments,1617215400000,1624818600000,2021,2,manipur
TOTAL,510734,531484849.4914169,Merchant payments,1617215400000,1624818600000,2021,2,manipur
TOTAL,4165,4256098.232237183,Financial Services,1617215400000,1624818600000,2021,2,manipur
TOTAL,10603,7145346.314942012,Others,1617215400000,1624818600000,2021,2,manipur
TOTAL,1819423,9134806594.52819,Peer-to-peer payments,1625077800000,1632767400000,2021,3,manipur
TOTAL,1368584,367664440.53237265,Recharge & bill payments,1625077800000,1632767400000,2021,3,manipur
TOTAL,735707,889317377.086526,Merchant payments,1625077800000,1632767400000,2021,3,manipur
TOTAL,3460,5625517.975461649,Financial Services,1625077800000,1632767400000,2021,3,manipur
TOTAL,14222,9447098.78230339,Others,1625077800000,1632767400000,2021,3,manipur
TOTAL,2199970,10998828287.529043,Peer-to-peer payments,1633026600000,1640629800000,2021,4,manipur
TOTAL,1451488,412791673.8037664,Recharge & bill payments,1633026600000,1640629800000,2021,4,manipur
TOTAL,1013985,1229517397.4561875,Merchant payments,1633026600000,1640629800000,2021,4,manipur
TOTAL,4671,5941100.580610943,Financial Services,1633026600000,1640629800000,2021,4,manipur
TOTAL,17325,11393578.842227157,Others,1633026600000,1640629800000,2021,4,manipur
TOTAL,31857,6028476.149090356,Recharge & bill payments,1514745000000,1522175400000,2018,1,meghalaya
TOTAL,13274,55943496.515886314,Peer-to-peer payments,1514745000000,1522175400000,2018,1,meghalaya
TOTAL,1605,2395888.4397623385,Merchant payments,1514745000000,1522175400000,2018,1,meghalaya
TOTAL,532,144318.2545571151,Financial Services,1514745000000,1522175400000,2018,1,meghalaya
TOTAL,2303,1738080.43060439,Others,1514745000000,1522175400000,2018,1,meghalaya
TOTAL,42625,9657896.164724296,Recharge & bill payments,1522521000000,1530124200000,2018,2,meghalaya
TOTAL,19894,101140464.66239843,Peer-to-peer payments,1522521000000,1530124200000,2018,2,meghalaya
TOTAL,2929,3663446.436220131,Merchant payments,1522521000000,1530124200000,2018,2,meghalaya
TOTAL,592,580648.3434132106,Financial Services,1522521000000,1530124200000,2018,2,meghalaya
TOTAL,1817,1962212.2350756058,Others,1522521000000,1530124200000,2018,2,meghalaya
TOTAL,60625,14231601.453371253,Recharge & bill payments,1530383400000,1538073000000,2018,3,meghalaya
TOTAL,40832,187460582.05754715,Peer-to-peer payments,1530383400000,1538073000000,2018,3,meghalaya
TOTAL,5802,5458930.689379572,Merchant payments,1530383400000,1538073000000,2018,3,meghalaya
TOTAL,748,552674.5783359876,Financial Services,1530383400000,1538073000000,2018,3,meghalaya
TOTAL,2283,2149872.755760235,Others,1530383400000,1538073000000,2018,3,meghalaya
TOTAL,82962,18100891.637344178,Recharge & bill payments,1538332200000,1545935400000,2018,4,meghalaya
TOTAL,58952,301941442.7059927,Peer-to-peer payments,1538332200000,1545935400000,2018,4,meghalaya
TOTAL,15768,14434314.193342488,Merchant payments,1538332200000,1545935400000,2018,4,meghalaya
TOTAL,763,190875.18848979956,Financial Services,1538332200000,1545935400000,2018,4,meghalaya
TOTAL,2687,2918155.2795046642,Others,1538332200000,1545935400000,2018,4,meghalaya
TOTAL,98817,23006751.795504905,Recharge & bill payments,1546281000000,1553711400000,2019,1,meghalaya
TOTAL,90694,358932132.1046898,Peer-to-peer payments,1546281000000,1553711400000,2019,1,meghalaya
TOTAL,16073,14297275.230527855,Merchant payments,1546281000000,1553711400000,2019,1,meghalaya
TOTAL,659,62335.064750311045,Financial Services,1546281000000,1553711400000,2019,1,meghalaya
TOTAL,2498,2738667.957962149,Others,1546281000000,1553711400000,2019,1,meghalaya
TOTAL,108812,27248605.429233357,Recharge & bill payments,1554057000000,1561660200000,2019,2,meghalaya
TOTAL,97407,446537199.17356837,Peer-to-peer payments,1554057000000,1561660200000,2019,2,meghalaya
TOTAL,22588,15600927.006629137,Merchant payments,1554057000000,1561660200000,2019,2,meghalaya
TOTAL,460,106800.75308155928,Financial Services,1554057000000,1561660200000,2019,2,meghalaya
TOTAL,3019,3437756.744766518,Others,1554057000000,1561660200000,2019,2,meghalaya
TOTAL,155949,38916251.42165714,Recharge & bill payments,1561919400000,1569609000000,2019,3,meghalaya
TOTAL,116168,546221812.6889315,Peer-to-peer payments,1561919400000,1569609000000,2019,3,meghalaya
TOTAL,31201,23461321.889810227,Merchant payments,1561919400000,1569609000000,2019,3,meghalaya
TOTAL,421,584192.9488108774,Financial Services,1561919400000,1569609000000,2019,3,meghalaya
TOTAL,2811,3035023.204323471,Others,1561919400000,1569609000000,2019,3,meghalaya
TOTAL,175084,43611775.02621875,Recharge & bill payments,1569868200000,1577471400000,2019,4,meghalaya
TOTAL,163734,670870023.4297696,Peer-to-peer payments,1569868200000,1577471400000,2019,4,meghalaya
TOTAL,24430,25344714.50557894,Merchant payments,1569868200000,1577471400000,2019,4,meghalaya
TOTAL,382,124511.63613216748,Financial Services,1569868200000,1577471400000,2019,4,meghalaya
TOTAL,2351,2485447.192519395,Others,1569868200000,1577471400000,2019,4,meghalaya
TOTAL,226214,59666071.21530793,Recharge & bill payments,1577817000000,1585333800000,2020,1,meghalaya
TOTAL,216022,1013733312.3935763,Peer-to-peer payments,1577817000000,1585333800000,2020,1,meghalaya
TOTAL,57245,44125206.34755945,Merchant payments,1577817000000,1585333800000,2020,1,meghalaya
TOTAL,473,402779.89033132966,Financial Services,1577817000000,1585333800000,2020,1,meghalaya
TOTAL,2329,2207471.061039081,Others,1577817000000,1585333800000,2020,1,meghalaya
TOTAL,382662,100570200.25271696,Recharge & bill payments,1585679400000,1593282600000,2020,2,meghalaya
TOTAL,202270,998750895.9111593,Peer-to-peer payments,1585679400000,1593282600000,2020,2,meghalaya
TOTAL,46014,48980521.41595118,Merchant payments,1585679400000,1593282600000,2020,2,meghalaya
TOTAL,1186,2944583.114737345,Financial Services,1585679400000,1593282600000,2020,2,meghalaya
TOTAL,3263,2488953.643832149,Others,1585679400000,1593282600000,2020,2,meghalaya
TOTAL,342484,97662913.13408674,Recharge & bill payments,1593541800000,1601231400000,2020,3,meghalaya
TOTAL,194448,1065012681.7126106,Peer-to-peer payments,1593541800000,1601231400000,2020,3,meghalaya
TOTAL,55595,67511647.1349487,Merchant payments,1593541800000,1601231400000,2020,3,meghalaya
TOTAL,1587,4049966.8133478058,Financial Services,1593541800000,1601231400000,2020,3,meghalaya
TOTAL,3465,2821792.5880408054,Others,1593541800000,1601231400000,2020,3,meghalaya
TOTAL,350006,102794647.7641504,Recharge & bill payments,1601490600000,1609093800000,2020,4,meghalaya
TOTAL,286252,1579858348.0670543,Peer-to-peer payments,1601490600000,1609093800000,2020,4,meghalaya
TOTAL,111471,115136797.58942303,Merchant payments,1601490600000,1609093800000,2020,4,meghalaya
TOTAL,1809,2774557.112070617,Financial Services,1601490600000,1609093800000,2020,4,meghalaya
TOTAL,4470,3678221.666272167,Others,1601490600000,1609093800000,2020,4,meghalaya
TOTAL,326993,1794745857.3188953,Peer-to-peer payments,1609439400000,1616869800000,2021,1,meghalaya
TOTAL,306634,106098525.65614726,Recharge & bill payments,1609439400000,1616869800000,2021,1,meghalaya
TOTAL,108805,147747773.01896822,Merchant payments,1609439400000,1616869800000,2021,1,meghalaya
TOTAL,1777,3981898.0457751974,Financial Services,1609439400000,1616869800000,2021,1,meghalaya
TOTAL,3437,2941223.950049905,Others,1609439400000,1616869800000,2021,1,meghalaya
TOTAL,389959,129031455.7077258,Recharge & bill payments,1617215400000,1624818600000,2021,2,meghalaya
TOTAL,366411,1885041503.7970467,Peer-to-peer payments,1617215400000,1624818600000,2021,2,meghalaya
TOTAL,147406,173894963.00439677,Merchant payments,1617215400000,1624818600000,2021,2,meghalaya
TOTAL,1766,2306496.854595862,Financial Services,1617215400000,1624818600000,2021,2,meghalaya
TOTAL,4052,3342835.5268340455,Others,1617215400000,1624818600000,2021,2,meghalaya
TOTAL,473274,2348008593.21644,Peer-to-peer payments,1625077800000,1632767400000,2021,3,meghalaya
TOTAL,418429,144363692.75220004,Recharge & bill payments,1625077800000,1632767400000,2021,3,meghalaya
TOTAL,199427,270311210.8907223,Merchant payments,1625077800000,1632767400000,2021,3,meghalaya
TOTAL,1556,2379067.1150075165,Financial Services,1625077800000,1632767400000,2021,3,meghalaya
TOTAL,5045,3937887.553600684,Others,1625077800000,1632767400000,2021,3,meghalaya
TOTAL,669693,3233210261.728197,Peer-to-peer payments,1633026600000,1640629800000,2021,4,meghalaya
TOTAL,447310,165277548.45940137,Recharge & bill payments,1633026600000,1640629800000,2021,4,meghalaya
TOTAL,314445,442464385.0377933,Merchant payments,1633026600000,1640629800000,2021,4,meghalaya
TOTAL,1989,2464327.9242311358,Financial Services,1633026600000,1640629800000,2021,4,meghalaya
TOTAL,6756,5348877.036531466,Others,1633026600000,1640629800000,2021,4,meghalaya
TOTAL,10155,2199565.258913744,Recharge & bill payments,1514745000000,1522175400000,2018,1,mizoram
TOTAL,6845,41186717.278001666,Peer-to-peer payments,1514745000000,1522175400000,2018,1,mizoram
TOTAL,616,1066002.1670622267,Merchant payments,1514745000000,1522175400000,2018,1,mizoram
TOTAL,260,65022.49896840689,Financial Services,1514745000000,1522175400000,2018,1,mizoram
TOTAL,685,709912.772844791,Others,1514745000000,1522175400000,2018,1,mizoram
TOTAL,13550,3107406.501616686,Recharge & bill payments,1522521000000,1530124200000,2018,2,mizoram
TOTAL,11427,77040044.25291511,Peer-to-peer payments,1522521000000,1530124200000,2018,2,mizoram
TOTAL,1310,2368711.975892641,Merchant payments,1522521000000,1530124200000,2018,2,mizoram
TOTAL,167,60939.77304627103,Financial Services,1522521000000,1530124200000,2018,2,mizoram
TOTAL,597,931303.0542636234,Others,1522521000000,1530124200000,2018,2,mizoram
TOTAL,18564,108783543.9098094,Peer-to-peer payments,1530383400000,1538073000000,2018,3,mizoram
TOTAL,17610,4050433.5962071815,Recharge & bill payments,1530383400000,1538073000000,2018,3,mizoram
TOTAL,2310,2952533.8004545765,Merchant payments,1530383400000,1538073000000,2018,3,mizoram
TOTAL,240,43891.23943201654,Financial Services,1530383400000,1538073000000,2018,3,mizoram
TOTAL,592,770335.5794872268,Others,1530383400000,1538073000000,2018,3,mizoram
TOTAL,26212,177049162.13058332,Peer-to-peer payments,1538332200000,1545935400000,2018,4,mizoram
TOTAL,24533,5523702.976434887,Recharge & bill payments,1538332200000,1545935400000,2018,4,mizoram
TOTAL,3699,6911586.608122997,Merchant payments,1538332200000,1545935400000,2018,4,mizoram
TOTAL,145,35654.18337878893,Financial Services,1538332200000,1545935400000,2018,4,mizoram
TOTAL,653,906746.6310095722,Others,1538332200000,1545935400000,2018,4,mizoram
TOTAL,35126,204183867.4116538,Peer-to-peer payments,1546281000000,1553711400000,2019,1,mizoram
TOTAL,30327,6760113.704148788,Recharge & bill payments,1546281000000,1553711400000,2019,1,mizoram
TOTAL,3984,6470456.031897823,Merchant payments,1546281000000,1553711400000,2019,1,mizoram
TOTAL,133,33512.39606736117,Financial Services,1546281000000,1553711400000,2019,1,mizoram
TOTAL,736,712945.8536347556,Others,1546281000000,1553711400000,2019,1,mizoram
TOTAL,37364,233471780.00357005,Peer-to-peer payments,1554057000000,1561660200000,2019,2,mizoram
TOTAL,31903,7823562.397702506,Recharge & bill payments,1554057000000,1561660200000,2019,2,mizoram
TOTAL,5646,5889316.861228463,Merchant payments,1554057000000,1561660200000,2019,2,mizoram
TOTAL,80,14455.380988399309,Financial Services,1554057000000,1561660200000,2019,2,mizoram
TOTAL,678,817593.4915248882,Others,1554057000000,1561660200000,2019,2,mizoram
TOTAL,49073,12966806.696277115,Recharge & bill payments,1561919400000,1569609000000,2019,3,mizoram
TOTAL,42645,257538220.22775066,Peer-to-peer payments,1561919400000,1569609000000,2019,3,mizoram
TOTAL,5560,7397529.021326996,Merchant payments,1561919400000,1569609000000,2019,3,mizoram
TOTAL,94,72985.31151294889,Financial Services,1561919400000,1569609000000,2019,3,mizoram
TOTAL,722,818358.6944744462,Others,1561919400000,1569609000000,2019,3,mizoram
TOTAL,60511,16857122.3073061,Recharge & bill payments,1569868200000,1577471400000,2019,4,mizoram
TOTAL,57109,341664291.4936854,Peer-to-peer payments,1569868200000,1577471400000,2019,4,mizoram
TOTAL,6939,9451111.139352825,Merchant payments,1569868200000,1577471400000,2019,4,mizoram
TOTAL,100,20966.3333050078,Financial Services,1569868200000,1577471400000,2019,4,mizoram
TOTAL,580,695859.360839114,Others,1569868200000,1577471400000,2019,4,mizoram
TOTAL,85067,24356294.58523286,Recharge & bill payments,1577817000000,1585333800000,2020,1,mizoram
TOTAL,57916,356260523.23262954,Peer-to-peer payments,1577817000000,1585333800000,2020,1,mizoram
TOTAL,9961,10404414.592504771,Merchant payments,1577817000000,1585333800000,2020,1,mizoram
TOTAL,119,283854.3188381147,Financial Services,1577817000000,1585333800000,2020,1,mizoram
TOTAL,546,772492.6204317764,Others,1577817000000,1585333800000,2020,1,mizoram
TOTAL,127592,37504550.77732091,Recharge & bill payments,1585679400000,1593282600000,2020,2,mizoram
TOTAL,60021,404110075.0863959,Peer-to-peer payments,1585679400000,1593282600000,2020,2,mizoram
TOTAL,10056,14627463.664270937,Merchant payments,1585679400000,1593282600000,2020,2,mizoram
TOTAL,244,434960.2799078573,Financial Services,1585679400000,1593282600000,2020,2,mizoram
TOTAL,549,516383.63442262856,Others,1585679400000,1593282600000,2020,2,mizoram
TOTAL,132664,40941077.032856956,Recharge & bill payments,1593541800000,1601231400000,2020,3,mizoram
TOTAL,99644,634560147.3506901,Peer-to-peer payments,1593541800000,1601231400000,2020,3,mizoram
TOTAL,20934,30693648.236451425,Merchant payments,1593541800000,1601231400000,2020,3,mizoram
TOTAL,535,824864.513127287,Financial Services,1593541800000,1601231400000,2020,3,mizoram
TOTAL,926,924438.3714747172,Others,1593541800000,1601231400000,2020,3,mizoram
TOTAL,141038,887252744.067668,Peer-to-peer payments,1601490600000,1609093800000,2020,4,mizoram
TOTAL,140297,45386403.17281592,Recharge & bill payments,1601490600000,1609093800000,2020,4,mizoram
TOTAL,39676,52094800.565094605,Merchant payments,1601490600000,1609093800000,2020,4,mizoram
TOTAL,607,855201.5881157237,Financial Services,1601490600000,1609093800000,2020,4,mizoram
TOTAL,989,932966.3002634952,Others,1601490600000,1609093800000,2020,4,mizoram
TOTAL,156386,982955112.1892779,Peer-to-peer payments,1609439400000,1616869800000,2021,1,mizoram
TOTAL,128055,45558278.22323953,Recharge & bill payments,1609439400000,1616869800000,2021,1,mizoram
TOTAL,43511,70289687.94622748,Merchant payments,1609439400000,1616869800000,2021,1,mizoram
TOTAL,648,1330632.9787811027,Financial Services,1609439400000,1616869800000,2021,1,mizoram
TOTAL,975,971875.6084117102,Others,1609439400000,1616869800000,2021,1,mizoram
TOTAL,173064,995581952.903405,Peer-to-peer payments,1617215400000,1624818600000,2021,2,mizoram
TOTAL,161763,56059844.239659324,Recharge & bill payments,1617215400000,1624818600000,2021,2,mizoram
TOTAL,57877,69528721.40156102,Merchant payments,1617215400000,1624818600000,2021,2,mizoram
TOTAL,611,710657.5065644829,Financial Services,1617215400000,1624818600000,2021,2,mizoram
TOTAL,1025,993297.250902934,Others,1617215400000,1624818600000,2021,2,mizoram
TOTAL,224873,1290523196.259221,Peer-to-peer payments,1625077800000,1632767400000,2021,3,mizoram
TOTAL,177281,67493206.62394348,Recharge & bill payments,1625077800000,1632767400000,2021,3,mizoram
TOTAL,74553,113697005.89820999,Merchant payments,1625077800000,1632767400000,2021,3,mizoram
TOTAL,522,806905.9729422838,Financial Services,1625077800000,1632767400000,2021,3,mizoram
TOTAL,1300,1228335.4576346257,Others,1625077800000,1632767400000,2021,3,mizoram
TOTAL,272209,1545255603.4119103,Peer-to-peer payments,1633026600000,1640629800000,2021,4,mizoram
TOTAL,179405,67548806.84754582,Recharge & bill payments,1633026600000,1640629800000,2021,4,mizoram
TOTAL,99265,154183940.72826496,Merchant payments,1633026600000,1640629800000,2021,4,mizoram
TOTAL,695,2202285.707728365,Financial Services,1633026600000,1640629800000,2021,4,mizoram
TOTAL,1755,1475104.827591939,Others,1633026600000,1640629800000,2021,4,mizoram
TOTAL,28198,5361675.549623315,Recharge & bill payments,1514745000000,1522175400000,2018,1,nagaland
TOTAL,11631,69830122.02063876,Peer-to-peer payments,1514745000000,1522175400000,2018,1,nagaland
TOTAL,822,1170667.4151649117,Merchant payments,1514745000000,1522175400000,2018,1,nagaland
TOTAL,399,299016.7345620737,Financial Services,1514745000000,1522175400000,2018,1,nagaland
TOTAL,1795,1344409.3661360394,Others,1514745000000,1522175400000,2018,1,nagaland
TOTAL,41959,9139467.703980098,Recharge & bill payments,1522521000000,1530124200000,2018,2,nagaland
TOTAL,20099,140193107.69683594,Peer-to-peer payments,1522521000000,1530124200000,2018,2,nagaland
TOTAL,1529,2293935.490835924,Merchant payments,1522521000000,1530124200000,2018,2,nagaland
TOTAL,379,153458.5231626137,Financial Services,1522521000000,1530124200000,2018,2,nagaland
TOTAL,1633,1545608.465487119,Others,1522521000000,1530124200000,2018,2,nagaland
TOTAL,54885,12664922.724117381,Recharge & bill payments,1530383400000,1538073000000,2018,3,nagaland
TOTAL,33930,223964723.15160483,Peer-to-peer payments,1530383400000,1538073000000,2018,3,nagaland
TOTAL,3518,3631042.2777308393,Merchant payments,1530383400000,1538073000000,2018,3,nagaland
TOTAL,460,125171.61850935029,Financial Services,1530383400000,1538073000000,2018,3,nagaland
TOTAL,1578,1406883.1646908007,Others,1530383400000,1538073000000,2018,3,nagaland
TOTAL,72881,16615511.42043031,Recharge & bill payments,1538332200000,1545935400000,2018,4,nagaland
TOTAL,53723,358926253.43094724,Peer-to-peer payments,1538332200000,1545935400000,2018,4,nagaland
TOTAL,10350,10500634.794542974,Merchant payments,1538332200000,1545935400000,2018,4,nagaland
TOTAL,587,216127.40846239947,Financial Services,1538332200000,1545935400000,2018,4,nagaland
TOTAL,1792,1754940.4912408509,Others,1538332200000,1545935400000,2018,4,nagaland
TOTAL,87596,20020458.076388802,Recharge & bill payments,1546281000000,1553711400000,2019,1,nagaland
TOTAL,71642,411855878.2498224,Peer-to-peer payments,1546281000000,1553711400000,2019,1,nagaland
TOTAL,7306,8187940.322092213,Merchant payments,1546281000000,1553711400000,2019,1,nagaland
TOTAL,430,101072.89773317604,Financial Services,1546281000000,1553711400000,2019,1,nagaland
TOTAL,1605,1776362.8662935253,Others,1546281000000,1553711400000,2019,1,nagaland
TOTAL,92492,21350211.07781426,Recharge & bill payments,1554057000000,1561660200000,2019,2,nagaland
TOTAL,81065,487705354.46570444,Peer-to-peer payments,1554057000000,1561660200000,2019,2,nagaland
TOTAL,12949,8990954.079767609,Merchant payments,1554057000000,1561660200000,2019,2,nagaland
TOTAL,286,129758.00259777348,Financial Services,1554057000000,1561660200000,2019,2,nagaland
TOTAL,1961,1890404.5326202572,Others,1554057000000,1561660200000,2019,2,nagaland
TOTAL,145812,33293527.93210053,Recharge & bill payments,1561919400000,1569609000000,2019,3,nagaland
TOTAL,100736,601803135.4703114,Peer-to-peer payments,1561919400000,1569609000000,2019,3,nagaland
TOTAL,13031,13381591.199777838,Merchant payments,1561919400000,1569609000000,2019,3,nagaland
TOTAL,210,229319.84921986386,Financial Services,1561919400000,1569609000000,2019,3,nagaland
TOTAL,2089,2248897.2620018576,Others,1561919400000,1569609000000,2019,3,nagaland
TOTAL,172761,39720745.597670965,Recharge & bill payments,1569868200000,1577471400000,2019,4,nagaland
TOTAL,128674,777298578.6127516,Peer-to-peer payments,1569868200000,1577471400000,2019,4,nagaland
TOTAL,13578,15460907.228900284,Merchant payments,1569868200000,1577471400000,2019,4,nagaland
TOTAL,499,283291.7740842187,Financial Services,1569868200000,1577471400000,2019,4,nagaland
TOTAL,1658,1773615.1353679793,Others,1569868200000,1577471400000,2019,4,nagaland
TOTAL,221741,53662023.32016543,Recharge & bill payments,1577817000000,1585333800000,2020,1,nagaland
TOTAL,135966,821508819.5893908,Peer-to-peer payments,1577817000000,1585333800000,2020,1,nagaland
TOTAL,18249,17663339.36989499,Merchant payments,1577817000000,1585333800000,2020,1,nagaland
TOTAL,528,215066.78349539996,Financial Services,1577817000000,1585333800000,2020,1,nagaland
TOTAL,1567,1730779.6714233835,Others,1577817000000,1585333800000,2020,1,nagaland
TOTAL,328269,85264116.11779374,Recharge & bill payments,1585679400000,1593282600000,2020,2,nagaland
TOTAL,166866,1025000209.9574311,Peer-to-peer payments,1585679400000,1593282600000,2020,2,nagaland
TOTAL,20004,25214703.910237495,Merchant payments,1585679400000,1593282600000,2020,2,nagaland
TOTAL,860,989239.9671938312,Financial Services,1585679400000,1593282600000,2020,2,nagaland
TOTAL,1567,1206234.3951445608,Others,1585679400000,1593282600000,2020,2,nagaland
TOTAL,347494,91214897.18744522,Recharge & bill payments,1593541800000,1601231400000,2020,3,nagaland
TOTAL,330638,1851638119.539822,Peer-to-peer payments,1593541800000,1601231400000,2020,3,nagaland
TOTAL,51912,62568884.13216571,Merchant payments,1593541800000,1601231400000,2020,3,nagaland
TOTAL,2544,2136903.0242114514,Financial Services,1593541800000,1601231400000,2020,3,nagaland
TOTAL,3731,2090339.2711506593,Others,1593541800000,1601231400000,2020,3,nagaland
TOTAL,417393,2563827858.0487146,Peer-to-peer payments,1601490600000,1609093800000,2020,4,nagaland
TOTAL,335297,91929581.87730268,Recharge & bill payments,1601490600000,1609093800000,2020,4,nagaland
TOTAL,90496,113115660.17405558,Merchant payments,1601490600000,1609093800000,2020,4,nagaland
TOTAL,1068,1017278.309874404,Financial Services,1601490600000,1609093800000,2020,4,nagaland
TOTAL,3571,3194492.1527384534,Others,1601490600000,1609093800000,2020,4,nagaland
TOTAL,477346,2841021698.4844904,Peer-to-peer payments,1609439400000,1616869800000,2021,1,nagaland
TOTAL,376473,110095189.5931618,Recharge & bill payments,1609439400000,1616869800000,2021,1,nagaland
TOTAL,116846,151202427.14605337,Merchant payments,1609439400000,1616869800000,2021,1,nagaland
TOTAL,1511,1929643.694251965,Financial Services,1609439400000,1616869800000,2021,1,nagaland
TOTAL,3721,3201525.695241506,Others,1609439400000,1616869800000,2021,1,nagaland
TOTAL,526966,2847731457.571479,Peer-to-peer payments,1617215400000,1624818600000,2021,2,nagaland
TOTAL,453979,126962524.74536937,Recharge & bill payments,1617215400000,1624818600000,2021,2,nagaland
TOTAL,144413,176831583.13676447,Merchant payments,1617215400000,1624818600000,2021,2,nagaland
TOTAL,1624,1785915.6371230448,Financial Services,1617215400000,1624818600000,2021,2,nagaland
TOTAL,3809,2982482.691132756,Others,1617215400000,1624818600000,2021,2,nagaland
TOTAL,667633,3536780176.7792263,Peer-to-peer payments,1625077800000,1632767400000,2021,3,nagaland
TOTAL,474693,141172028.23897478,Recharge & bill payments,1625077800000,1632767400000,2021,3,nagaland
TOTAL,208387,304493279.8158357,Merchant payments,1625077800000,1632767400000,2021,3,nagaland
TOTAL,1437,1634878.888862805,Financial Services,1625077800000,1632767400000,2021,3,nagaland
TOTAL,4642,3336484.2825483214,Others,1625077800000,1632767400000,2021,3,nagaland
TOTAL,819452,4335295237.9809065,Peer-to-peer payments,1633026600000,1640629800000,2021,4,nagaland
TOTAL,492411,154359432.07659015,Recharge & bill payments,1633026600000,1640629800000,2021,4,nagaland
TOTAL,311673,442578210.0882374,Merchant payments,1633026600000,1640629800000,2021,4,nagaland
TOTAL,1790,2263055.5218537706,Financial Services,1633026600000,1640629800000,2021,4,nagaland
TOTAL,6157,4587848.468888722,Others,1633026600000,1640629800000,2021,4,nagaland
TOTAL,2874109,331254466.1508661,Recharge & bill payments,1514745000000,1522175400000,2018,1,odisha
TOTAL,2305610,4033548999.1932316,Peer-to-peer payments,1514745000000,1522175400000,2018,1,odisha
TOTAL,323352,58099674.94576137,Financial Services,1514745000000,1522175400000,2018,1,odisha
TOTAL,129659,112301341.66618621,Merchant payments,1514745000000,1522175400000,2018,1,odisha
TOTAL,177091,92427728.93143727,Others,1514745000000,1522175400000,2018,1,odisha
TOTAL,3989202,7621288195.565702,Peer-to-peer payments,1522521000000,1530124200000,2018,2,odisha
TOTAL,3307545,482823290.3527084,Recharge & bill payments,1522521000000,1530124200000,2018,2,odisha
TOTAL,472304,67829259.91787937,Financial Services,1522521000000,1530124200000,2018,2,odisha
TOTAL,257628,213530873.3537121,Merchant payments,1522521000000,1530124200000,2018,2,odisha
TOTAL,131465,102838720.42969128,Others,1522521000000,1530124200000,2018,2,odisha
TOTAL,24472139,22029087498.562176,Peer-to-peer payments,1530383400000,1538073000000,2018,3,odisha
TOTAL,3886392,605721781.5285043,Recharge & bill payments,1530383400000,1538073000000,2018,3,odisha
TOTAL,836547,97292154.49117658,Financial Services,1530383400000,1538073000000,2018,3,odisha
TOTAL,729995,275532813.41930753,Merchant payments,1530383400000,1538073000000,2018,3,odisha
TOTAL,127082,86881527.58366849,Others,1530383400000,1538073000000,2018,3,odisha
TOTAL,12285028,21804268077.596016,Peer-to-peer payments,1538332200000,1545935400000,2018,4,odisha
TOTAL,5142124,773017649.5916129,Recharge & bill payments,1538332200000,1545935400000,2018,4,odisha
TOTAL,3061813,682181415.8729985,Merchant payments,1538332200000,1545935400000,2018,4,odisha
TOTAL,495495,55534399.30905172,Financial Services,1538332200000,1545935400000,2018,4,odisha
TOTAL,158338,114868029.19162312,Others,1538332200000,1545935400000,2018,4,odisha
TOTAL,24117274,33342321630.613514,Peer-to-peer payments,1546281000000,1553711400000,2019,1,odisha
TOTAL,6713747,1120730273.3482153,Recharge & bill payments,1546281000000,1553711400000,2019,1,odisha
TOTAL,2690762,821493664.580642,Merchant payments,1546281000000,1553711400000,2019,1,odisha
TOTAL,375910,34542738.889085874,Financial Services,1546281000000,1553711400000,2019,1,odisha
TOTAL,134249,108039623.26819064,Others,1546281000000,1553711400000,2019,1,odisha
TOTAL,16455353,41423292021.956635,Peer-to-peer payments,1554057000000,1561660200000,2019,2,odisha
TOTAL,7845252,1506620072.6624596,Recharge & bill payments,1554057000000,1561660200000,2019,2,odisha
TOTAL,4827067,1664621261.2600245,Merchant payments,1554057000000,1561660200000,2019,2,odisha
TOTAL,202705,20424212.30787918,Financial Services,1554057000000,1561660200000,2019,2,odisha
TOTAL,181647,139897303.4868461,Others,1554057000000,1561660200000,2019,2,odisha
TOTAL,18490877,51447586885.48035,Peer-to-peer payments,1561919400000,1569609000000,2019,3,odisha
TOTAL,13984738,3895753253.334454,Merchant payments,1561919400000,1569609000000,2019,3,odisha
TOTAL,8565917,1806123698.4609375,Recharge & bill payments,1561919400000,1569609000000,2019,3,odisha
TOTAL,195034,31079934.758642014,Financial Services,1561919400000,1569609000000,2019,3,odisha
TOTAL,185706,124033587.18883926,Others,1561919400000,1569609000000,2019,3,odisha
TOTAL,43284477,72966050937.29504,Peer-to-peer payments,1569868200000,1577471400000,2019,4,odisha
TOTAL,10629461,2290841668.304525,Recharge & bill payments,1569868200000,1577471400000,2019,4,odisha
TOTAL,10601703,4395710870.154251,Merchant payments,1569868200000,1577471400000,2019,4,odisha
TOTAL,323887,38782542.04589868,Financial Services,1569868200000,1577471400000,2019,4,odisha
TOTAL,156105,77987614.2508337,Others,1569868200000,1577471400000,2019,4,odisha
TOTAL,27110930,82863844732.4941,Peer-to-peer payments,1577817000000,1585333800000,2020,1,odisha
TOTAL,13269709,5738217250.062569,Merchant payments,1577817000000,1585333800000,2020,1,odisha
TOTAL,13083524,3253609732.8992968,Recharge & bill payments,1577817000000,1585333800000,2020,1,odisha
TOTAL,84037,27641460.905009564,Financial Services,1577817000000,1585333800000,2020,1,odisha
TOTAL,134107,73485022.97217913,Others,1577817000000,1585333800000,2020,1,odisha
TOTAL,24520938,80990080777.89252,Peer-to-peer payments,1585679400000,1593282600000,2020,2,odisha
TOTAL,17040333,4551061364.34481,Recharge & bill payments,1585679400000,1593282600000,2020,2,odisha
TOTAL,8313965,6092753944.948116,Merchant payments,1585679400000,1593282600000,2020,2,odisha
TOTAL,66787,50322080.338512495,Financial Services,1585679400000,1593282600000,2020,2,odisha
TOTAL,86553,48818444.57258892,Others,1585679400000,1593282600000,2020,2,odisha
TOTAL,34182172,107064668710.39911,Peer-to-peer payments,1593541800000,1601231400000,2020,3,odisha
TOTAL,17126851,5015719823.514479,Recharge & bill payments,1593541800000,1601231400000,2020,3,odisha
TOTAL,14519265,10242496366.436386,Merchant payments,1593541800000,1601231400000,2020,3,odisha
TOTAL,90736,84971747.75755268,Financial Services,1593541800000,1601231400000,2020,3,odisha
TOTAL,114805,56087156.18513397,Others,1593541800000,1601231400000,2020,3,odisha
TOTAL,47588728,153208735347.1269,Peer-to-peer payments,1601490600000,1609093800000,2020,4,odisha
TOTAL,27124765,19347472702.804092,Merchant payments,1601490600000,1609093800000,2020,4,odisha
TOTAL,17318073,5532179002.002789,Recharge & bill payments,1601490600000,1609093800000,2020,4,odisha
TOTAL,106189,104419909.66526456,Financial Services,1601490600000,1609093800000,2020,4,odisha
TOTAL,187195,109856053.01820508,Others,1601490600000,1609093800000,2020,4,odisha
TOTAL,54417515,181450436291.91052,Peer-to-peer payments,1609439400000,1616869800000,2021,1,odisha
TOTAL,38180718,25201936762.205833,Merchant payments,1609439400000,1616869800000,2021,1,odisha
TOTAL,18633830,6552605937.545543,Recharge & bill payments,1609439400000,1616869800000,2021,1,odisha
TOTAL,87263,95064023.94844367,Financial Services,1609439400000,1616869800000,2021,1,odisha
TOTAL,141032,97693172.7305285,Others,1609439400000,1616869800000,2021,1,odisha
TOTAL,66929109,208405882369.0544,Peer-to-peer payments,1617215400000,1624818600000,2021,2,odisha
TOTAL,39402607,29208847674.89984,Merchant payments,1617215400000,1624818600000,2021,2,odisha
TOTAL,25183699,8024323050.14009,Recharge & bill payments,1617215400000,1624818600000,2021,2,odisha
TOTAL,102474,102761986.97553992,Financial Services,1617215400000,1624818600000,2021,2,odisha
TOTAL,206448,122302396.20450994,Others,1617215400000,1624818600000,2021,2,odisha
TOTAL,85728576,251150860524.22568,Peer-to-peer payments,1625077800000,1632767400000,2021,3,odisha
TOTAL,64268830,43316348173.18004,Merchant payments,1625077800000,1632767400000,2021,3,odisha
TOTAL,26943670,9025674783.404198,Recharge & bill payments,1625077800000,1632767400000,2021,3,odisha
TOTAL,97213,112383446.87807697,Financial Services,1625077800000,1632767400000,2021,3,odisha
TOTAL,324385,175452005.353413,Others,1625077800000,1632767400000,2021,3,odisha
TOTAL,107560893,310704112799.8908,Peer-to-peer payments,1633026600000,1640629800000,2021,4,odisha
TOTAL,99512650,63383870318.30179,Merchant payments,1633026600000,1640629800000,2021,4,odisha
TOTAL,26302130,10728834440.697895,Recharge & bill payments,1633026600000,1640629800000,2021,4,odisha
TOTAL,133004,147526652.49426866,Financial Services,1633026600000,1640629800000,2021,4,odisha
TOTAL,416689,286705478.5345538,Others,1633026600000,1640629800000,2021,4,odisha
TOTAL,53125,9704752.648983236,Recharge & bill payments,1514745000000,1522175400000,2018,1,puducherry
TOTAL,40303,147834476.16250613,Peer-to-peer payments,1514745000000,1522175400000,2018,1,puducherry
TOTAL,4163,4427034.0315394765,Merchant payments,1514745000000,1522175400000,2018,1,puducherry
TOTAL,2086,565799.4553442572,Financial Services,1514745000000,1522175400000,2018,1,puducherry
TOTAL,4535,3293909.0714630377,Others,1514745000000,1522175400000,2018,1,puducherry
TOTAL,59867,14607336.895731753,Recharge & bill payments,1522521000000,1530124200000,2018,2,puducherry
TOTAL,57751,261299695.1891191,Peer-to-peer payments,1522521000000,1530124200000,2018,2,puducherry
TOTAL,6904,6103101.528770715,Merchant payments,1522521000000,1530124200000,2018,2,puducherry
TOTAL,2105,822585.95719087,Financial Services,1522521000000,1530124200000,2018,2,puducherry
TOTAL,3634,2968399.9616244407,Others,1522521000000,1530124200000,2018,2,puducherry
TOTAL,101817,378368361.36171496,Peer-to-peer payments,1530383400000,1538073000000,2018,3,puducherry
TOTAL,67909,19654338.114449568,Recharge & bill payments,1530383400000,1538073000000,2018,3,puducherry
TOTAL,14384,16102024.2759922,Merchant payments,1530383400000,1538073000000,2018,3,puducherry
TOTAL,1766,395306.6421075966,Financial Services,1530383400000,1538073000000,2018,3,puducherry
TOTAL,4395,3138045.0999426576,Others,1530383400000,1538073000000,2018,3,puducherry
TOTAL,173170,569825171.3369759,Peer-to-peer payments,1538332200000,1545935400000,2018,4,puducherry
TOTAL,95788,25159891.51570208,Recharge & bill payments,1538332200000,1545935400000,2018,4,puducherry
TOTAL,29470,25999609.7587573,Merchant payments,1538332200000,1545935400000,2018,4,puducherry
TOTAL,3490,689170.0726864681,Financial Services,1538332200000,1545935400000,2018,4,puducherry
TOTAL,6046,4017822.739373042,Others,1538332200000,1545935400000,2018,4,puducherry
TOTAL,313822,835983054.254643,Peer-to-peer payments,1546281000000,1553711400000,2019,1,puducherry
TOTAL,124092,32635247.523153085,Recharge & bill payments,1546281000000,1553711400000,2019,1,puducherry
TOTAL,54518,33763704.68083725,Merchant payments,1546281000000,1553711400000,2019,1,puducherry
TOTAL,3165,337570.322842385,Financial Services,1546281000000,1553711400000,2019,1,puducherry
TOTAL,5495,3753447.525046112,Others,1546281000000,1553711400000,2019,1,puducherry
TOTAL,331248,1109343371.746654,Peer-to-peer payments,1554057000000,1561660200000,2019,2,puducherry
TOTAL,147585,46876569.36325147,Recharge & bill payments,1554057000000,1561660200000,2019,2,puducherry
TOTAL,92941,49963601.61554676,Merchant payments,1554057000000,1561660200000,2019,2,puducherry
TOTAL,1524,469351.5481967761,Financial Services,1554057000000,1561660200000,2019,2,puducherry
TOTAL,6779,4794015.854158426,Others,1554057000000,1561660200000,2019,2,puducherry
TOTAL,394866,1316118199.672093,Peer-to-peer payments,1561919400000,1569609000000,2019,3,puducherry
TOTAL,158483,57003044.29549825,Recharge & bill payments,1561919400000,1569609000000,2019,3,puducherry
TOTAL,156137,82601335.47825414,Merchant payments,1561919400000,1569609000000,2019,3,puducherry
TOTAL,1090,528680.8975952889,Financial Services,1561919400000,1569609000000,2019,3,puducherry
TOTAL,6250,4457097.111970215,Others,1561919400000,1569609000000,2019,3,puducherry
TOTAL,559670,1725523873.442102,Peer-to-peer payments,1569868200000,1577471400000,2019,4,puducherry
TOTAL,249621,128039884.38667427,Merchant payments,1569868200000,1577471400000,2019,4,puducherry
TOTAL,195707,74383571.67593375,Recharge & bill payments,1569868200000,1577471400000,2019,4,puducherry
TOTAL,1481,391196.1284481905,Financial Services,1569868200000,1577471400000,2019,4,puducherry
TOTAL,6176,3689792.245744483,Others,1569868200000,1577471400000,2019,4,puducherry
TOTAL,600290,1919499665.8834748,Peer-to-peer payments,1577817000000,1585333800000,2020,1,puducherry
TOTAL,349788,184925417.68654612,Merchant payments,1577817000000,1585333800000,2020,1,puducherry
TOTAL,251115,96515615.43520354,Recharge & bill payments,1577817000000,1585333800000,2020,1,puducherry
TOTAL,1527,858236.5498234634,Financial Services,1577817000000,1585333800000,2020,1,puducherry
TOTAL,5201,3478541.524535387,Others,1577817000000,1585333800000,2020,1,puducherry
TOTAL,468789,1680190117.5830743,Peer-to-peer payments,1585679400000,1593282600000,2020,2,puducherry
TOTAL,310746,115223074.03158064,Recharge & bill payments,1585679400000,1593282600000,2020,2,puducherry
TOTAL,249951,160931601.28167117,Merchant payments,1585679400000,1593282600000,2020,2,puducherry
TOTAL,1555,2339469.003658029,Financial Services,1585679400000,1593282600000,2020,2,puducherry
TOTAL,2342,1346718.5876069884,Others,1585679400000,1593282600000,2020,2,puducherry
TOTAL,855511,3116583524.6597652,Peer-to-peer payments,1593541800000,1601231400000,2020,3,puducherry
TOTAL,560420,335583369.656126,Merchant payments,1593541800000,1601231400000,2020,3,puducherry
TOTAL,306852,138925436.52727452,Recharge & bill payments,1593541800000,1601231400000,2020,3,puducherry
TOTAL,3039,4788490.3633705,Financial Services,1593541800000,1601231400000,2020,3,puducherry
TOTAL,5080,2199408.2280669413,Others,1593541800000,1601231400000,2020,3,puducherry
TOTAL,1211359,4090057482.9812045,Peer-to-peer payments,1601490600000,1609093800000,2020,4,puducherry
TOTAL,1108292,647985607.5763036,Merchant payments,1601490600000,1609093800000,2020,4,puducherry
TOTAL,383707,184037245.74375987,Recharge & bill payments,1601490600000,1609093800000,2020,4,puducherry
TOTAL,3783,3888988.236763457,Financial Services,1601490600000,1609093800000,2020,4,puducherry
TOTAL,8862,4556893.133174548,Others,1601490600000,1609093800000,2020,4,puducherry
TOTAL,1406958,4798646712.501943,Peer-to-peer payments,1609439400000,1616869800000,2021,1,puducherry
TOTAL,1385444,857787315.6292762,Merchant payments,1609439400000,1616869800000,2021,1,puducherry
TOTAL,504499,231829246.92353857,Recharge & bill payments,1609439400000,1616869800000,2021,1,puducherry
TOTAL,5073,5953397.434996936,Financial Services,1609439400000,1616869800000,2021,1,puducherry
TOTAL,7458,5092899.253895952,Others,1609439400000,1616869800000,2021,1,puducherry
TOTAL,1581221,5266478797.142263,Peer-to-peer payments,1617215400000,1624818600000,2021,2,puducherry
TOTAL,1437110,932602617.3169692,Merchant payments,1617215400000,1624818600000,2021,2,puducherry
TOTAL,719252,289799593.1571478,Recharge & bill payments,1617215400000,1624818600000,2021,2,puducherry
TOTAL,4851,4980243.907969391,Financial Services,1617215400000,1624818600000,2021,2,puducherry
TOTAL,8953,4973445.019544071,Others,1617215400000,1624818600000,2021,2,puducherry
TOTAL,2273996,1443176801.0606492,Merchant payments,1625077800000,1632767400000,2021,3,puducherry
TOTAL,2089199,6918396493.778431,Peer-to-peer payments,1625077800000,1632767400000,2021,3,puducherry
TOTAL,741388,356068931.7441095,Recharge & bill payments,1625077800000,1632767400000,2021,3,puducherry
TOTAL,4733,5523949.081350253,Financial Services,1625077800000,1632767400000,2021,3,puducherry
TOTAL,12410,6808255.349929206,Others,1625077800000,1632767400000,2021,3,puducherry
TOTAL,3052713,1864951565.928207,Merchant payments,1633026600000,1640629800000,2021,4,puducherry
TOTAL,2530821,8113722339.447034,Peer-to-peer payments,1633026600000,1640629800000,2021,4,puducherry
TOTAL,762641,428453211.3120815,Recharge & bill payments,1633026600000,1640629800000,2021,4,puducherry
TOTAL,5995,7655925.10855468,Financial Services,1633026600000,1640629800000,2021,4,puducherry
TOTAL,16640,8868759.43463589,Others,1633026600000,1640629800000,2021,4,puducherry
TOTAL,946338,196018621.35851485,Recharge & bill payments,1514745000000,1522175400000,2018,1,punjab
TOTAL,690684,2412434633.5413933,Peer-to-peer payments,1514745000000,1522175400000,2018,1,punjab
TOTAL,87477,83873893.96204324,Merchant payments,1514745000000,1522175400000,2018,1,punjab
TOTAL,60688,11162488.423236402,Financial Services,1514745000000,1522175400000,2018,1,punjab
TOTAL,85246,77268587.56920797,Others,1514745000000,1522175400000,2018,1,punjab
TOTAL,1262450,395417027.849745,Recharge & bill payments,1522521000000,1530124200000,2018,2,punjab
TOTAL,1017159,4036457553.7177477,Peer-to-peer payments,1522521000000,1530124200000,2018,2,punjab
TOTAL,147667,159406610.2632674,Merchant payments,1522521000000,1530124200000,2018,2,punjab
TOTAL,82256,17719391.411258094,Financial Services,1522521000000,1530124200000,2018,2,punjab
TOTAL,71631,75671628.7650177,Others,1522521000000,1530124200000,2018,2,punjab
TOTAL,1684209,6173898400.559117,Peer-to-peer payments,1530383400000,1538073000000,2018,3,punjab
TOTAL,1381730,622737633.7524918,Recharge & bill payments,1530383400000,1538073000000,2018,3,punjab
TOTAL,274458,194883994.57571086,Merchant payments,1530383400000,1538073000000,2018,3,punjab
TOTAL,54285,9429174.53468925,Financial Services,1530383400000,1538073000000,2018,3,punjab
TOTAL,67426,64737840.39918464,Others,1530383400000,1538073000000,2018,3,punjab
TOTAL,2269375,9404088424.489891,Peer-to-peer payments,1538332200000,1545935400000,2018,4,punjab
TOTAL,1817964,825449591.241031,Recharge & bill payments,1538332200000,1545935400000,2018,4,punjab
TOTAL,648096,455091549.5918779,Merchant payments,1538332200000,1545935400000,2018,4,punjab
TOTAL,62453,11832962.875482317,Financial Services,1538332200000,1545935400000,2018,4,punjab
TOTAL,89249,85520045.45150709,Others,1538332200000,1545935400000,2018,4,punjab
TOTAL,4026294,12027441595.712797,Peer-to-peer payments,1546281000000,1553711400000,2019,1,punjab
TOTAL,2304690,986004867.8072444,Recharge & bill payments,1546281000000,1553711400000,2019,1,punjab
TOTAL,711152,478382600.617519,Merchant payments,1546281000000,1553711400000,2019,1,punjab
TOTAL,45621,6871295.954710579,Financial Services,1546281000000,1553711400000,2019,1,punjab
TOTAL,84380,75789641.76089522,Others,1546281000000,1553711400000,2019,1,punjab
TOTAL,4140474,16258891447.321405,Peer-to-peer payments,1554057000000,1561660200000,2019,2,punjab
TOTAL,2815047,1440058991.4565237,Recharge & bill payments,1554057000000,1561660200000,2019,2,punjab
TOTAL,1407963,815090878.0150015,Merchant payments,1554057000000,1561660200000,2019,2,punjab
TOTAL,37435,6876144.454559349,Financial Services,1554057000000,1561660200000,2019,2,punjab
TOTAL,108911,93875933.52482703,Others,1554057000000,1561660200000,2019,2,punjab
TOTAL,4726946,19146726286.636036,Peer-to-peer payments,1561919400000,1569609000000,2019,3,punjab
TOTAL,3455594,2481094964.9170833,Recharge & bill payments,1561919400000,1569609000000,2019,3,punjab
TOTAL,2374014,1183743251.2734203,Merchant payments,1561919400000,1569609000000,2019,3,punjab
TOTAL,32359,7912219.734296376,Financial Services,1561919400000,1569609000000,2019,3,punjab
TOTAL,117899,86338883.28250344,Others,1561919400000,1569609000000,2019,3,punjab
TOTAL,6386367,25564144629.75061,Peer-to-peer payments,1569868200000,1577471400000,2019,4,punjab
TOTAL,4068332,2622222199.1884565,Recharge & bill payments,1569868200000,1577471400000,2019,4,punjab
TOTAL,3122413,1741259163.3677325,Merchant payments,1569868200000,1577471400000,2019,4,punjab
TOTAL,22956,6382345.429778575,Financial Services,1569868200000,1577471400000,2019,4,punjab
TOTAL,98557,55793908.45587015,Others,1569868200000,1577471400000,2019,4,punjab
TOTAL,6339183,26350005915.230072,Peer-to-peer payments,1577817000000,1585333800000,2020,1,punjab
TOTAL,4935115,2767419472.6505165,Recharge & bill payments,1577817000000,1585333800000,2020,1,punjab
TOTAL,3838480,2196329615.3949203,Merchant payments,1577817000000,1585333800000,2020,1,punjab
TOTAL,17924,10987850.955996178,Financial Services,1577817000000,1585333800000,2020,1,punjab
TOTAL,87082,49442411.668161854,Others,1577817000000,1585333800000,2020,1,punjab
TOTAL,6064807,3089758241.1281967,Recharge & bill payments,1585679400000,1593282600000,2020,2,punjab
TOTAL,5639212,25074384847.498463,Peer-to-peer payments,1585679400000,1593282600000,2020,2,punjab
TOTAL,2290868,2058898904.3613408,Merchant payments,1585679400000,1593282600000,2020,2,punjab
TOTAL,23314,23704957.876037344,Financial Services,1585679400000,1593282600000,2020,2,punjab
TOTAL,63093,37907301.34960769,Others,1585679400000,1593282600000,2020,2,punjab
TOTAL,7354451,32477438924.476498,Peer-to-peer payments,1593541800000,1601231400000,2020,3,punjab
TOTAL,5478668,4066750820.6407743,Recharge & bill payments,1593541800000,1601231400000,2020,3,punjab
TOTAL,4261548,3490665357.291087,Merchant payments,1593541800000,1601231400000,2020,3,punjab
TOTAL,32390,42060249.32847581,Financial Services,1593541800000,1601231400000,2020,3,punjab
TOTAL,82516,46176796.076553434,Others,1593541800000,1601231400000,2020,3,punjab
TOTAL,9609405,43286909256.83391,Peer-to-peer payments,1601490600000,1609093800000,2020,4,punjab
TOTAL,7144295,6142380827.109474,Merchant payments,1601490600000,1609093800000,2020,4,punjab
TOTAL,6072201,4201551869.9511185,Recharge & bill payments,1601490600000,1609093800000,2020,4,punjab
TOTAL,38820,51677182.316327386,Financial Services,1601490600000,1609093800000,2020,4,punjab
TOTAL,133204,92887343.34418696,Others,1601490600000,1609093800000,2020,4,punjab
TOTAL,10951083,46908632143.31532,Peer-to-peer payments,1609439400000,1616869800000,2021,1,punjab
TOTAL,9333364,7651004598.907397,Merchant payments,1609439400000,1616869800000,2021,1,punjab
TOTAL,6332928,3980874403.2760215,Recharge & bill payments,1609439400000,1616869800000,2021,1,punjab
TOTAL,43094,52009482.41407214,Financial Services,1609439400000,1616869800000,2021,1,punjab
TOTAL,110366,98366463.19387978,Others,1609439400000,1616869800000,2021,1,punjab
TOTAL,13180933,55282486111.30394,Peer-to-peer payments,1617215400000,1624818600000,2021,2,punjab
TOTAL,11225598,9710508482.436422,Merchant payments,1617215400000,1624818600000,2021,2,punjab
TOTAL,7591039,4370756868.518326,Recharge & bill payments,1617215400000,1624818600000,2021,2,punjab
TOTAL,46218,53309051.06501615,Financial Services,1617215400000,1624818600000,2021,2,punjab
TOTAL,127460,113998049.29147904,Others,1617215400000,1624818600000,2021,2,punjab
TOTAL,17024782,66149902036.358826,Peer-to-peer payments,1625077800000,1632767400000,2021,3,punjab
TOTAL,16837685,14103740968.543571,Merchant payments,1625077800000,1632767400000,2021,3,punjab
TOTAL,8465739,5540272095.274853,Recharge & bill payments,1625077800000,1632767400000,2021,3,punjab
TOTAL,43789,63576666.590925634,Financial Services,1625077800000,1632767400000,2021,3,punjab
TOTAL,161494,135069073.84402025,Others,1625077800000,1632767400000,2021,3,punjab
TOTAL,22669743,20753662875.546524,Merchant payments,1633026600000,1640629800000,2021,4,punjab
TOTAL,20663881,83611403637.31992,Peer-to-peer payments,1633026600000,1640629800000,2021,4,punjab
TOTAL,8765579,6107473171.935022,Recharge & bill payments,1633026600000,1640629800000,2021,4,punjab
TOTAL,58581,86356456.60324252,Financial Services,1633026600000,1640629800000,2021,4,punjab
TOTAL,201576,151230100.5948589,Others,1633026600000,1640629800000,2021,4,punjab
TOTAL,4305940,868358581.1737025,Recharge & bill payments,1514745000000,1522175400000,2018,1,rajasthan
TOTAL,2540658,7547652852.662634,Peer-to-peer payments,1514745000000,1522175400000,2018,1,rajasthan
TOTAL,202537,37125466.49571308,Financial Services,1514745000000,1522175400000,2018,1,rajasthan
TOTAL,184127,201212697.26059398,Merchant payments,1514745000000,1522175400000,2018,1,rajasthan
TOTAL,358428,271943533.1341365,Others,1514745000000,1522175400000,2018,1,rajasthan
TOTAL,5288093,1511007056.105427,Recharge & bill payments,1522521000000,1530124200000,2018,2,rajasthan
TOTAL,3770555,13341587602.422176,Peer-to-peer payments,1522521000000,1530124200000,2018,2,rajasthan
TOTAL,345752,342809667.5935513,Merchant payments,1522521000000,1530124200000,2018,2,rajasthan
TOTAL,279471,52145152.93902289,Financial Services,1522521000000,1530124200000,2018,2,rajasthan
TOTAL,289826,311536696.6979239,Others,1522521000000,1530124200000,2018,2,rajasthan
TOTAL,7120792,21010614922.14291,Peer-to-peer payments,1530383400000,1538073000000,2018,3,rajasthan
TOTAL,5894660,2252031409.939968,Recharge & bill payments,1530383400000,1538073000000,2018,3,rajasthan
TOTAL,711240,445504998.0014268,Merchant payments,1530383400000,1538073000000,2018,3,rajasthan
TOTAL,230083,30185982.18078412,Financial Services,1530383400000,1538073000000,2018,3,rajasthan
TOTAL,300323,302431358.9473551,Others,1530383400000,1538073000000,2018,3,rajasthan
TOTAL,10752729,33578327037.682457,Peer-to-peer payments,1538332200000,1545935400000,2018,4,rajasthan
TOTAL,7557003,2743591538.8320713,Recharge & bill payments,1538332200000,1545935400000,2018,4,rajasthan
TOTAL,1985927,1172254323.9731452,Merchant payments,1538332200000,1545935400000,2018,4,rajasthan
TOTAL,311632,40412563.014562674,Financial Services,1538332200000,1545935400000,2018,4,rajasthan
TOTAL,352432,374501619.8364362,Others,1538332200000,1545935400000,2018,4,rajasthan
TOTAL,27621606,55246071722.22856,Peer-to-peer payments,1546281000000,1553711400000,2019,1,rajasthan
TOTAL,11650961,3821181816.6204696,Recharge & bill payments,1546281000000,1553711400000,2019,1,rajasthan
TOTAL,3921438,1664209334.5681162,Merchant payments,1546281000000,1553711400000,2019,1,rajasthan
TOTAL,359993,36340412.57538466,Financial Services,1546281000000,1553711400000,2019,1,rajasthan
TOTAL,402042,373355289.5614773,Others,1546281000000,1553711400000,2019,1,rajasthan
TOTAL,25257679,79466464089.34059,Peer-to-peer payments,1554057000000,1561660200000,2019,2,rajasthan
TOTAL,14968290,5709279550.854211,Recharge & bill payments,1554057000000,1561660200000,2019,2,rajasthan
TOTAL,9026751,3435472167.201069,Merchant payments,1554057000000,1561660200000,2019,2,rajasthan
TOTAL,182685,34134486.762421735,Financial Services,1554057000000,1561660200000,2019,2,rajasthan
TOTAL,573881,461962878.5071422,Others,1554057000000,1561660200000,2019,2,rajasthan
TOTAL,29885618,97443950786.5758,Peer-to-peer payments,1561919400000,1569609000000,2019,3,rajasthan
TOTAL,19646612,6705923742.563935,Merchant payments,1561919400000,1569609000000,2019,3,rajasthan
TOTAL,16970783,7872719571.602099,Recharge & bill payments,1561919400000,1569609000000,2019,3,rajasthan
TOTAL,217029,37899900.33366185,Financial Services,1561919400000,1569609000000,2019,3,rajasthan
TOTAL,583575,407796030.8547787,Others,1561919400000,1569609000000,2019,3,rajasthan
TOTAL,43354317,140449134717.291,Peer-to-peer payments,1569868200000,1577471400000,2019,4,rajasthan
TOTAL,20604852,9028860435.054995,Recharge & bill payments,1569868200000,1577471400000,2019,4,rajasthan
TOTAL,20544791,9721826538.354998,Merchant payments,1569868200000,1577471400000,2019,4,rajasthan
TOTAL,101805,25014672.38444693,Financial Services,1569868200000,1577471400000,2019,4,rajasthan
TOTAL,468477,227573686.58499068,Others,1569868200000,1577471400000,2019,4,rajasthan
TOTAL,48269912,165468574323.88968,Peer-to-peer payments,1577817000000,1585333800000,2020,1,rajasthan
TOTAL,27880848,13643061482.35596,Merchant payments,1577817000000,1585333800000,2020,1,rajasthan
TOTAL,25631131,10961167179.81334,Recharge & bill payments,1577817000000,1585333800000,2020,1,rajasthan
TOTAL,72604,34466606.25327997,Financial Services,1577817000000,1585333800000,2020,1,rajasthan
TOTAL,404317,200968968.6958118,Others,1577817000000,1585333800000,2020,1,rajasthan
TOTAL,49160792,166176386876.30048,Peer-to-peer payments,1585679400000,1593282600000,2020,2,rajasthan
TOTAL,31681776,13014051935.53691,Recharge & bill payments,1585679400000,1593282600000,2020,2,rajasthan
TOTAL,20756594,14354151782.39264,Merchant payments,1585679400000,1593282600000,2020,2,rajasthan
TOTAL,92875,76662259.20544848,Financial Services,1585679400000,1593282600000,2020,2,rajasthan
TOTAL,262619,142020149.829893,Others,1585679400000,1593282600000,2020,2,rajasthan
TOTAL,73247856,249006720239.33432,Peer-to-peer payments,1593541800000,1601231400000,2020,3,rajasthan
TOTAL,45149210,27714680562.343937,Merchant payments,1593541800000,1601231400000,2020,3,rajasthan
TOTAL,30148875,16650017440.553333,Recharge & bill payments,1593541800000,1601231400000,2020,3,rajasthan
TOTAL,146383,113675141.51464571,Financial Services,1593541800000,1601231400000,2020,3,rajasthan
TOTAL,396352,193212778.7117864,Others,1593541800000,1601231400000,2020,3,rajasthan
TOTAL,88730951,321280847680.95026,Peer-to-peer payments,1601490600000,1609093800000,2020,4,rajasthan
TOTAL,67367264,46142484518.08269,Merchant payments,1601490600000,1609093800000,2020,4,rajasthan
TOTAL,33455755,18123908525.97014,Recharge & bill payments,1601490600000,1609093800000,2020,4,rajasthan
TOTAL,169294,136058685.85299307,Financial Services,1601490600000,1609093800000,2020,4,rajasthan
TOTAL,560171,351480425.6482615,Others,1601490600000,1609093800000,2020,4,rajasthan
TOTAL,116733195,408190388154.2274,Peer-to-peer payments,1609439400000,1616869800000,2021,1,rajasthan
TOTAL,96394132,61936457709.223076,Merchant payments,1609439400000,1616869800000,2021,1,rajasthan
TOTAL,38919519,20855464604.344055,Recharge & bill payments,1609439400000,1616869800000,2021,1,rajasthan
TOTAL,192936,162581466.93308985,Financial Services,1609439400000,1616869800000,2021,1,rajasthan
TOTAL,491137,347689722.9177618,Others,1609439400000,1616869800000,2021,1,rajasthan
TOTAL,139277445,467784146764.7472,Peer-to-peer payments,1617215400000,1624818600000,2021,2,rajasthan
TOTAL,97860493,69922875807.46701,Merchant payments,1617215400000,1624818600000,2021,2,rajasthan
TOTAL,49501703,23387103755.819714,Recharge & bill payments,1617215400000,1624818600000,2021,2,rajasthan
TOTAL,216441,186606893.61035594,Financial Services,1617215400000,1624818600000,2021,2,rajasthan
TOTAL,620957,422031947.60023904,Others,1617215400000,1624818600000,2021,2,rajasthan
TOTAL,181742972,575912799217.8965,Peer-to-peer payments,1625077800000,1632767400000,2021,3,rajasthan
TOTAL,167819345,105548321875.05884,Merchant payments,1625077800000,1632767400000,2021,3,rajasthan
TOTAL,49709657,28335516739.41771,Recharge & bill payments,1625077800000,1632767400000,2021,3,rajasthan
TOTAL,197211,190362135.86135098,Financial Services,1625077800000,1632767400000,2021,3,rajasthan
TOTAL,815568,524328574.25040925,Others,1625077800000,1632767400000,2021,3,rajasthan
TOTAL,221774624,151967969235.0213,Merchant payments,1633026600000,1640629800000,2021,4,rajasthan
TOTAL,212937264,718215327365.9165,Peer-to-peer payments,1633026600000,1640629800000,2021,4,rajasthan
TOTAL,51610607,32831163302.92643,Recharge & bill payments,1633026600000,1640629800000,2021,4,rajasthan
TOTAL,265091,263180819.6932125,Financial Services,1633026600000,1640629800000,2021,4,rajasthan
TOTAL,1034011,656777820.7586894,Others,1633026600000,1640629800000,2021,4,rajasthan
TOTAL,26965,4823943.542263939,Recharge & bill payments,1514745000000,1522175400000,2018,1,sikkim
TOTAL,13559,56334584.632872,Peer-to-peer payments,1514745000000,1522175400000,2018,1,sikkim
TOTAL,1349,1677583.1440411464,Merchant payments,1514745000000,1522175400000,2018,1,sikkim
TOTAL,608,86906.81958101383,Financial Services,1514745000000,1522175400000,2018,1,sikkim
TOTAL,1597,1727920.8016103164,Others,1514745000000,1522175400000,2018,1,sikkim
TOTAL,45435,9465769.856051585,Recharge & bill payments,1522521000000,1530124200000,2018,2,sikkim
TOTAL,24237,127051984.3879841,Peer-to-peer payments,1522521000000,1530124200000,2018,2,sikkim
TOTAL,2556,4713227.148135973,Merchant payments,1522521000000,1530124200000,2018,2,sikkim
TOTAL,562,218130.12995975127,Financial Services,1522521000000,1530124200000,2018,2,sikkim
TOTAL,1788,2243974.0076642134,Others,1522521000000,1530124200000,2018,2,sikkim
TOTAL,58421,12221506.18938216,Recharge & bill payments,1530383400000,1538073000000,2018,3,sikkim
TOTAL,43195,215547415.4557628,Peer-to-peer payments,1530383400000,1538073000000,2018,3,sikkim
TOTAL,4521,5322296.747954514,Merchant payments,1530383400000,1538073000000,2018,3,sikkim
TOTAL,562,261766.8021705601,Financial Services,1530383400000,1538073000000,2018,3,sikkim
TOTAL,1801,1727241.758047811,Others,1530383400000,1538073000000,2018,3,sikkim
TOTAL,79232,16713780.628117373,Recharge & bill payments,1538332200000,1545935400000,2018,4,sikkim
TOTAL,65451,351253329.74205655,Peer-to-peer payments,1538332200000,1545935400000,2018,4,sikkim
TOTAL,7452,12637809.239460425,Merchant payments,1538332200000,1545935400000,2018,4,sikkim
TOTAL,717,596472.7145790398,Financial Services,1538332200000,1545935400000,2018,4,sikkim
TOTAL,1681,1939965.7540404093,Others,1538332200000,1545935400000,2018,4,sikkim
TOTAL,121984,422987999.89472675,Peer-to-peer payments,1546281000000,1553711400000,2019,1,sikkim
TOTAL,96878,20711589.874598008,Recharge & bill payments,1546281000000,1553711400000,2019,1,sikkim
TOTAL,18346,11837344.846847566,Merchant payments,1546281000000,1553711400000,2019,1,sikkim
TOTAL,1225,191594.23340424805,Financial Services,1546281000000,1553711400000,2019,1,sikkim
TOTAL,1854,2265105.53451732,Others,1546281000000,1553711400000,2019,1,sikkim
TOTAL,172125,674044301.8399961,Peer-to-peer payments,1554057000000,1561660200000,2019,2,sikkim
TOTAL,142582,32535297.489453897,Recharge & bill payments,1554057000000,1561660200000,2019,2,sikkim
TOTAL,66722,28248001.02647286,Merchant payments,1554057000000,1561660200000,2019,2,sikkim
TOTAL,2294,310197.54774877685,Financial Services,1554057000000,1561660200000,2019,2,sikkim
TOTAL,4521,3756445.53226958,Others,1554057000000,1561660200000,2019,2,sikkim
TOTAL,203052,794235862.6317357,Peer-to-peer payments,1561919400000,1569609000000,2019,3,sikkim
TOTAL,188753,52337322.5262961,Merchant payments,1561919400000,1569609000000,2019,3,sikkim
TOTAL,156125,33922224.892257094,Recharge & bill payments,1561919400000,1569609000000,2019,3,sikkim
TOTAL,288,548142.8999844441,Financial Services,1561919400000,1569609000000,2019,3,sikkim
TOTAL,4218,3672895.4901549704,Others,1561919400000,1569609000000,2019,3,sikkim
TOTAL,508471,1086457147.940953,Peer-to-peer payments,1569868200000,1577471400000,2019,4,sikkim
TOTAL,181287,42705664.08625737,Recharge & bill payments,1569868200000,1577471400000,2019,4,sikkim
TOTAL,73992,43954548.804204434,Merchant payments,1569868200000,1577471400000,2019,4,sikkim
TOTAL,373,494076.3450829056,Financial Services,1569868200000,1577471400000,2019,4,sikkim
TOTAL,2947,2898164.4797200123,Others,1569868200000,1577471400000,2019,4,sikkim
TOTAL,230413,954765350.1856782,Peer-to-peer payments,1577817000000,1585333800000,2020,1,sikkim
TOTAL,215586,53588505.838823974,Recharge & bill payments,1577817000000,1585333800000,2020,1,sikkim
TOTAL,79881,43201695.38937264,Merchant payments,1577817000000,1585333800000,2020,1,sikkim
TOTAL,345,175569.53933206247,Financial Services,1577817000000,1585333800000,2020,1,sikkim
TOTAL,1893,1745150.991195219,Others,1577817000000,1585333800000,2020,1,sikkim
TOTAL,297620,78397187.10935993,Recharge & bill payments,1585679400000,1593282600000,2020,2,sikkim
TOTAL,186495,939900165.9422412,Peer-to-peer payments,1585679400000,1593282600000,2020,2,sikkim
TOTAL,31442,34385184.65717751,Merchant payments,1585679400000,1593282600000,2020,2,sikkim
TOTAL,883,999656.0722047673,Financial Services,1585679400000,1593282600000,2020,2,sikkim
TOTAL,1291,936594.480283038,Others,1585679400000,1593282600000,2020,2,sikkim
TOTAL,298885,83894642.6709112,Recharge & bill payments,1593541800000,1601231400000,2020,3,sikkim
TOTAL,245087,1255521152.966514,Peer-to-peer payments,1593541800000,1601231400000,2020,3,sikkim
TOTAL,49299,58337178.67223759,Merchant payments,1593541800000,1601231400000,2020,3,sikkim
TOTAL,1252,1795366.733436462,Financial Services,1593541800000,1601231400000,2020,3,sikkim
TOTAL,1912,1378387.6172995246,Others,1593541800000,1601231400000,2020,3,sikkim
TOTAL,334069,1711730126.584541,Peer-to-peer payments,1601490600000,1609093800000,2020,4,sikkim
TOTAL,301382,90168624.05415541,Recharge & bill payments,1601490600000,1609093800000,2020,4,sikkim
TOTAL,95503,112478003.86391157,Merchant payments,1601490600000,1609093800000,2020,4,sikkim
TOTAL,1427,2361187.592392395,Financial Services,1601490600000,1609093800000,2020,4,sikkim
TOTAL,2654,2537863.027923054,Others,1601490600000,1609093800000,2020,4,sikkim
TOTAL,403703,1965492629.578867,Peer-to-peer payments,1609439400000,1616869800000,2021,1,sikkim
TOTAL,279679,93174110.112334,Recharge & bill payments,1609439400000,1616869800000,2021,1,sikkim
TOTAL,112925,154183320.1372872,Merchant payments,1609439400000,1616869800000,2021,1,sikkim
TOTAL,1844,3027799.2784099854,Financial Services,1609439400000,1616869800000,2021,1,sikkim
TOTAL,2038,1789867.7338266163,Others,1609439400000,1616869800000,2021,1,sikkim
TOTAL,473141,2125758496.616091,Peer-to-peer payments,1617215400000,1624818600000,2021,2,sikkim
TOTAL,345495,103846501.52404109,Recharge & bill payments,1617215400000,1624818600000,2021,2,sikkim
TOTAL,153671,190473176.21848944,Merchant payments,1617215400000,1624818600000,2021,2,sikkim
TOTAL,1865,2851874.287465013,Financial Services,1617215400000,1624818600000,2021,2,sikkim
TOTAL,2542,1969531.0292125773,Others,1617215400000,1624818600000,2021,2,sikkim
TOTAL,595826,2582075089.383399,Peer-to-peer payments,1625077800000,1632767400000,2021,3,sikkim
TOTAL,346173,111613776.75942023,Recharge & bill payments,1625077800000,1632767400000,2021,3,sikkim
TOTAL,213808,290732930.46291006,Merchant payments,1625077800000,1632767400000,2021,3,sikkim
TOTAL,1689,2624558.3857180667,Financial Services,1625077800000,1632767400000,2021,3,sikkim
TOTAL,3098,2290508.8169457563,Others,1625077800000,1632767400000,2021,3,sikkim
TOTAL,831597,3548508409.656125,Peer-to-peer payments,1633026600000,1640629800000,2021,4,sikkim
TOTAL,376078,136473754.40071422,Recharge & bill payments,1633026600000,1640629800000,2021,4,sikkim
TOTAL,369343,504586163.5569785,Merchant payments,1633026600000,1640629800000,2021,4,sikkim
TOTAL,2269,3162023.7210206646,Financial Services,1633026600000,1640629800000,2021,4,sikkim
TOTAL,5058,4052910.300969372,Others,1633026600000,1640629800000,2021,4,sikkim
TOTAL,3308548,646028338.3951533,Recharge & bill payments,1514745000000,1522175400000,2018,1,tamil-nadu
TOTAL,2670613,10031518934.085688,Peer-to-peer payments,1514745000000,1522175400000,2018,1,tamil-nadu
TOTAL,326510,272002057.1736871,Merchant payments,1514745000000,1522175400000,2018,1,tamil-nadu
TOTAL,115363,31876073.74792233,Financial Services,1514745000000,1522175400000,2018,1,tamil-nadu
TOTAL,305588,280132294.11422664,Others,1514745000000,1522175400000,2018,1,tamil-nadu
TOTAL,4464677,1189892955.8051775,Recharge & bill payments,1522521000000,1530124200000,2018,2,tamil-nadu
TOTAL,4433762,18067624388.09562,Peer-to-peer payments,1522521000000,1530124200000,2018,2,tamil-nadu
TOTAL,627918,517130320.4660308,Merchant payments,1522521000000,1530124200000,2018,2,tamil-nadu
TOTAL,167035,65402385.25640666,Financial Services,1522521000000,1530124200000,2018,2,tamil-nadu
TOTAL,298736,285794226.64323723,Others,1522521000000,1530124200000,2018,2,tamil-nadu
TOTAL,8810836,26792462660.044968,Peer-to-peer payments,1530383400000,1538073000000,2018,3,tamil-nadu
TOTAL,5148411,1521551955.205038,Recharge & bill payments,1530383400000,1538073000000,2018,3,tamil-nadu
TOTAL,1290978,733189649.5729834,Merchant payments,1530383400000,1538073000000,2018,3,tamil-nadu
TOTAL,191732,37049222.36590697,Financial Services,1530383400000,1538073000000,2018,3,tamil-nadu
TOTAL,332121,245838753.995272,Others,1530383400000,1538073000000,2018,3,tamil-nadu
TOTAL,11538547,39180083690.57276,Peer-to-peer payments,1538332200000,1545935400000,2018,4,tamil-nadu
TOTAL,7093764,2020329567.8245385,Recharge & bill payments,1538332200000,1545935400000,2018,4,tamil-nadu
TOTAL,3145621,1742903221.432857,Merchant payments,1538332200000,1545935400000,2018,4,tamil-nadu
TOTAL,228398,46571758.68242933,Financial Services,1538332200000,1545935400000,2018,4,tamil-nadu
TOTAL,451114,312185737.38152075,Others,1538332200000,1545935400000,2018,4,tamil-nadu
TOTAL,18645926,51296299081.44436,Peer-to-peer payments,1546281000000,1553711400000,2019,1,tamil-nadu
TOTAL,8863289,2695317014.8660007,Recharge & bill payments,1546281000000,1553711400000,2019,1,tamil-nadu
TOTAL,4195222,1924461188.9900146,Merchant payments,1546281000000,1553711400000,2019,1,tamil-nadu
TOTAL,193261,31217137.545322973,Financial Services,1546281000000,1553711400000,2019,1,tamil-nadu
TOTAL,377347,256742393.28426796,Others,1546281000000,1553711400000,2019,1,tamil-nadu
TOTAL,16952961,57924128549.06981,Peer-to-peer payments,1554057000000,1561660200000,2019,2,tamil-nadu
TOTAL,8414514,3280033639.8500404,Recharge & bill payments,1554057000000,1561660200000,2019,2,tamil-nadu
TOTAL,6296995,2690331792.5060787,Merchant payments,1554057000000,1561660200000,2019,2,tamil-nadu
TOTAL,70142,18334602.389631532,Financial Services,1554057000000,1561660200000,2019,2,tamil-nadu
TOTAL,437125,294847441.9421142,Others,1554057000000,1561660200000,2019,2,tamil-nadu
TOTAL,21277636,70615331408.53966,Peer-to-peer payments,1561919400000,1569609000000,2019,3,tamil-nadu
TOTAL,10344027,4079315732.661683,Merchant payments,1561919400000,1569609000000,2019,3,tamil-nadu
TOTAL,9246678,3964144354.4161515,Recharge & bill payments,1561919400000,1569609000000,2019,3,tamil-nadu
TOTAL,88261,27213741.831077334,Financial Services,1561919400000,1569609000000,2019,3,tamil-nadu
TOTAL,453581,273599406.1898495,Others,1561919400000,1569609000000,2019,3,tamil-nadu
TOTAL,28814008,91858026341.27563,Peer-to-peer payments,1569868200000,1577471400000,2019,4,tamil-nadu
TOTAL,16153034,6420193204.780616,Merchant payments,1569868200000,1577471400000,2019,4,tamil-nadu
TOTAL,11157765,4681454397.562926,Recharge & bill payments,1569868200000,1577471400000,2019,4,tamil-nadu
TOTAL,60624,24332240.65556671,Financial Services,1569868200000,1577471400000,2019,4,tamil-nadu
TOTAL,410980,206859328.2685905,Others,1569868200000,1577471400000,2019,4,tamil-nadu
TOTAL,30880360,101907683045.28436,Peer-to-peer payments,1577817000000,1585333800000,2020,1,tamil-nadu
TOTAL,21541556,8950736938.223478,Merchant payments,1577817000000,1585333800000,2020,1,tamil-nadu
TOTAL,14134259,5493239429.7322235,Recharge & bill payments,1577817000000,1585333800000,2020,1,tamil-nadu
TOTAL,61427,41422107.813630365,Financial Services,1577817000000,1585333800000,2020,1,tamil-nadu
TOTAL,335871,176604658.386683,Others,1577817000000,1585333800000,2020,1,tamil-nadu
TOTAL,21700844,82347647064.12332,Peer-to-peer payments,1585679400000,1593282600000,2020,2,tamil-nadu
TOTAL,18474731,6414781159.484189,Recharge & bill payments,1585679400000,1593282600000,2020,2,tamil-nadu
TOTAL,11477546,6909361871.628206,Merchant payments,1585679400000,1593282600000,2020,2,tamil-nadu
TOTAL,78584,89189349.84916353,Financial Services,1585679400000,1593282600000,2020,2,tamil-nadu
TOTAL,138405,65529451.74366937,Others,1585679400000,1593282600000,2020,2,tamil-nadu
TOTAL,31754077,123561080533.04672,Peer-to-peer payments,1593541800000,1601231400000,2020,3,tamil-nadu
TOTAL,20664887,12554589575.504852,Merchant payments,1593541800000,1601231400000,2020,3,tamil-nadu
TOTAL,17521756,7476952307.406668,Recharge & bill payments,1593541800000,1601231400000,2020,3,tamil-nadu
TOTAL,129671,158512062.54590106,Financial Services,1593541800000,1601231400000,2020,3,tamil-nadu
TOTAL,207434,90281020.15995154,Others,1593541800000,1601231400000,2020,3,tamil-nadu
TOTAL,47800741,172196381789.491,Peer-to-peer payments,1601490600000,1609093800000,2020,4,tamil-nadu
TOTAL,41297305,24417758781.65223,Merchant payments,1601490600000,1609093800000,2020,4,tamil-nadu
TOTAL,21563946,9462546013.163391,Recharge & bill payments,1601490600000,1609093800000,2020,4,tamil-nadu
TOTAL,153044,186775413.14290395,Financial Services,1601490600000,1609093800000,2020,4,tamil-nadu
TOTAL,364665,209735503.54521424,Others,1601490600000,1609093800000,2020,4,tamil-nadu
TOTAL,57446279,206405230307.9611,Peer-to-peer payments,1609439400000,1616869800000,2021,1,tamil-nadu
TOTAL,53811885,30722779534.582508,Merchant payments,1609439400000,1616869800000,2021,1,tamil-nadu
TOTAL,24826273,11115915388.739548,Recharge & bill payments,1609439400000,1616869800000,2021,1,tamil-nadu
TOTAL,170620,215319360.4840321,Financial Services,1609439400000,1616869800000,2021,1,tamil-nadu
TOTAL,301617,208899281.88347316,Others,1609439400000,1616869800000,2021,1,tamil-nadu
TOTAL,60812902,216379027686.30246,Peer-to-peer payments,1617215400000,1624818600000,2021,2,tamil-nadu
TOTAL,52048347,33504798112.88382,Merchant payments,1617215400000,1624818600000,2021,2,tamil-nadu
TOTAL,32753032,13155346942.255478,Recharge & bill payments,1617215400000,1624818600000,2021,2,tamil-nadu
TOTAL,192614,225113402.6634022,Financial Services,1617215400000,1624818600000,2021,2,tamil-nadu
TOTAL,351547,223054882.44675264,Others,1617215400000,1624818600000,2021,2,tamil-nadu
TOTAL,85074941,52932187058.575195,Merchant payments,1625077800000,1632767400000,2021,3,tamil-nadu
TOTAL,83833356,296121079294.8346,Peer-to-peer payments,1625077800000,1632767400000,2021,3,tamil-nadu
TOTAL,34751691,15613287081.611631,Recharge & bill payments,1625077800000,1632767400000,2021,3,tamil-nadu
TOTAL,182097,246146707.2790811,Financial Services,1625077800000,1632767400000,2021,3,tamil-nadu
TOTAL,515319,294622911.6328684,Others,1625077800000,1632767400000,2021,3,tamil-nadu
TOTAL,117578360,70539086832.13815,Merchant payments,1633026600000,1640629800000,2021,4,tamil-nadu
TOTAL,104493071,353529424598.23047,Peer-to-peer payments,1633026600000,1640629800000,2021,4,tamil-nadu
TOTAL,36163870,18979178477.53405,Recharge & bill payments,1633026600000,1640629800000,2021,4,tamil-nadu
TOTAL,228761,275850497.094934,Financial Services,1633026600000,1640629800000,2021,4,tamil-nadu
TOTAL,691914,400412189.80491126,Others,1633026600000,1640629800000,2021,4,tamil-nadu
TOTAL,4209319,831912767.5937189,Recharge & bill payments,1514745000000,1522175400000,2018,1,telangana
TOTAL,3307245,11748268950.760422,Peer-to-peer payments,1514745000000,1522175400000,2018,1,telangana
TOTAL,351474,282899066.6137372,Merchant payments,1514745000000,1522175400000,2018,1,telangana
TOTAL,262876,57011875.36233704,Financial Services,1514745000000,1522175400000,2018,1,telangana
TOTAL,391852,388111458.2121352,Others,1514745000000,1522175400000,2018,1,telangana
TOTAL,4784079,20748520742.57553,Peer-to-peer payments,1522521000000,1530124200000,2018,2,telangana
TOTAL,4686542,1274130053.834579,Recharge & bill payments,1522521000000,1530124200000,2018,2,telangana
TOTAL,701082,551696487.3185428,Merchant payments,1522521000000,1530124200000,2018,2,telangana
TOTAL,277805,85498213.25384143,Financial Services,1522521000000,1530124200000,2018,2,telangana
TOTAL,315162,357356020.669816,Others,1522521000000,1530124200000,2018,2,telangana
TOTAL,11560952,29253505738.828743,Peer-to-peer payments,1530383400000,1538073000000,2018,3,telangana
TOTAL,5328881,1568136060.627837,Recharge & bill payments,1530383400000,1538073000000,2018,3,telangana
TOTAL,1770075,855534175.4794186,Merchant payments,1530383400000,1538073000000,2018,3,telangana
TOTAL,307312,52554123.97376218,Financial Services,1530383400000,1538073000000,2018,3,telangana
TOTAL,365483,300363110.81379545,Others,1530383400000,1538073000000,2018,3,telangana
TOTAL,15571288,44541667501.74112,Peer-to-peer payments,1538332200000,1545935400000,2018,4,telangana
TOTAL,7121135,2165870863.16865,Recharge & bill payments,1538332200000,1545935400000,2018,4,telangana
TOTAL,5315161,2356841304.9649296,Merchant payments,1538332200000,1545935400000,2018,4,telangana
TOTAL,392423,64569231.23559249,Financial Services,1538332200000,1545935400000,2018,4,telangana
TOTAL,521147,380139546.93821603,Others,1538332200000,1545935400000,2018,4,telangana
TOTAL,40488967,87361237975.49301,Peer-to-peer payments,1546281000000,1553711400000,2019,1,telangana
TOTAL,12341901,4144368545.535969,Merchant payments,1546281000000,1553711400000,2019,1,telangana
TOTAL,11525394,3619117615.485172,Recharge & bill payments,1546281000000,1553711400000,2019,1,telangana
TOTAL,463688,54547989.275453925,Financial Services,1546281000000,1553711400000,2019,1,telangana
TOTAL,470752,343989909.8750894,Others,1546281000000,1553711400000,2019,1,telangana
TOTAL,46741594,141095702899.16147,Peer-to-peer payments,1554057000000,1561660200000,2019,2,telangana
TOTAL,25682382,8442740781.469844,Merchant payments,1554057000000,1561660200000,2019,2,telangana
TOTAL,16225017,5603477828.5489645,Recharge & bill payments,1554057000000,1561660200000,2019,2,telangana
TOTAL,252173,43627344.86329399,Financial Services,1554057000000,1561660200000,2019,2,telangana
TOTAL,709213,490894328.3915366,Others,1554057000000,1561660200000,2019,2,telangana
TOTAL,59981113,180342868388.36203,Peer-to-peer payments,1561919400000,1569609000000,2019,3,telangana
TOTAL,44035953,14308557740.55424,Merchant payments,1561919400000,1569609000000,2019,3,telangana
TOTAL,16437222,6793699069.387364,Recharge & bill payments,1561919400000,1569609000000,2019,3,telangana
TOTAL,183163,39617186.74048498,Financial Services,1561919400000,1569609000000,2019,3,telangana
TOTAL,857925,445278745.3818412,Others,1561919400000,1569609000000,2019,3,telangana
TOTAL,82587060,249346680995.99316,Peer-to-peer payments,1569868200000,1577471400000,2019,4,telangana
TOTAL,59347809,21510626607.08445,Merchant payments,1569868200000,1577471400000,2019,4,telangana
TOTAL,20797056,9561315124.602655,Recharge & bill payments,1569868200000,1577471400000,2019,4,telangana
TOTAL,137291,33453857.404595934,Financial Services,1569868200000,1577471400000,2019,4,telangana
TOTAL,703042,294688962.659046,Others,1569868200000,1577471400000,2019,4,telangana
TOTAL,95668911,327641798044.80554,Peer-to-peer payments,1577817000000,1585333800000,2020,1,telangana
TOTAL,76818285,31076431477.91269,Merchant payments,1577817000000,1585333800000,2020,1,telangana
TOTAL,26324268,12324266104.564993,Recharge & bill payments,1577817000000,1585333800000,2020,1,telangana
TOTAL,88184,59500639.38684589,Financial Services,1577817000000,1585333800000,2020,1,telangana
TOTAL,509877,241784101.54604858,Others,1577817000000,1585333800000,2020,1,telangana
TOTAL,76683293,279478553909.7438,Peer-to-peer payments,1585679400000,1593282600000,2020,2,telangana
TOTAL,44181999,26712043204.891262,Merchant payments,1585679400000,1593282600000,2020,2,telangana
TOTAL,30885875,15106945863.857046,Recharge & bill payments,1585679400000,1593282600000,2020,2,telangana
TOTAL,116776,134169906.74750492,Financial Services,1585679400000,1593282600000,2020,2,telangana
TOTAL,187200,100126467.191328,Others,1585679400000,1593282600000,2020,2,telangana
TOTAL,116668399,437459188905.0534,Peer-to-peer payments,1593541800000,1601231400000,2020,3,telangana
TOTAL,86836471,49743225885.179474,Merchant payments,1593541800000,1601231400000,2020,3,telangana
TOTAL,32352860,18378477087.576897,Recharge & bill payments,1593541800000,1601231400000,2020,3,telangana
TOTAL,195857,223377023.50525153,Financial Services,1593541800000,1601231400000,2020,3,telangana
TOTAL,318539,156875854.55487928,Others,1593541800000,1601231400000,2020,3,telangana
TOTAL,160607487,591976601278.5154,Peer-to-peer payments,1601490600000,1609093800000,2020,4,telangana
TOTAL,143897953,81725950703.21272,Merchant payments,1601490600000,1609093800000,2020,4,telangana
TOTAL,38174710,22006183348.80398,Recharge & bill payments,1601490600000,1609093800000,2020,4,telangana
TOTAL,230134,275357720.01805824,Financial Services,1601490600000,1609093800000,2020,4,telangana
TOTAL,733503,366346176.40682477,Others,1601490600000,1609093800000,2020,4,telangana
TOTAL,185230619,95927278280.53006,Merchant payments,1609439400000,1616869800000,2021,1,telangana
TOTAL,179738195,676276353116.8419,Peer-to-peer payments,1609439400000,1616869800000,2021,1,telangana
TOTAL,46371555,26447601338.53346,Recharge & bill payments,1609439400000,1616869800000,2021,1,telangana
TOTAL,262473,320153410.17969453,Financial Services,1609439400000,1616869800000,2021,1,telangana
TOTAL,969268,387877900.5044867,Others,1609439400000,1616869800000,2021,1,telangana
TOTAL,230861833,872151973637.885,Peer-to-peer payments,1617215400000,1624818600000,2021,2,telangana
TOTAL,205232899,123207789311.2962,Merchant payments,1617215400000,1624818600000,2021,2,telangana
TOTAL,58637866,31877277168.343227,Recharge & bill payments,1617215400000,1624818600000,2021,2,telangana
TOTAL,278546,300569264.1443888,Financial Services,1617215400000,1624818600000,2021,2,telangana
TOTAL,856400,420723415.91505665,Others,1617215400000,1624818600000,2021,2,telangana
TOTAL,286735350,159227310549.39368,Merchant payments,1625077800000,1632767400000,2021,3,telangana
TOTAL,271436926,981754679241.0405,Peer-to-peer payments,1625077800000,1632767400000,2021,3,telangana
TOTAL,62744121,36434881136.01624,Recharge & bill payments,1625077800000,1632767400000,2021,3,telangana
TOTAL,235519,329138539.4612142,Financial Services,1625077800000,1632767400000,2021,3,telangana
TOTAL,1734852,543116826.3422191,Others,1625077800000,1632767400000,2021,3,telangana
TOTAL,376584215,212974766412.01556,Merchant payments,1633026600000,1640629800000,2021,4,telangana
TOTAL,331774591,1204991223519.016,Peer-to-peer payments,1633026600000,1640629800000,2021,4,telangana
TOTAL,66477036,44760398983.30789,Recharge & bill payments,1633026600000,1640629800000,2021,4,telangana
TOTAL,298871,392141743.6705663,Financial Services,1633026600000,1640629800000,2021,4,telangana
TOTAL,855060,639658842.8998816,Others,1633026600000,1640629800000,2021,4,telangana
TOTAL,86819,14079439.569905948,Recharge & bill payments,1514745000000,1522175400000,2018,1,tripura
TOTAL,44844,112229994.97675678,Peer-to-peer payments,1514745000000,1522175400000,2018,1,tripura
TOTAL,4842,672247.5881710155,Financial Services,1514745000000,1522175400000,2018,1,tripura
TOTAL,4833,6080959.882836086,Merchant payments,1514745000000,1522175400000,2018,1,tripura
TOTAL,6819,4916272.512952799,Others,1514745000000,1522175400000,2018,1,tripura
TOTAL,118171,22554398.15273035,Recharge & bill payments,1522521000000,1530124200000,2018,2,tripura
TOTAL,73821,197666881.8729688,Peer-to-peer payments,1522521000000,1530124200000,2018,2,tripura
TOTAL,9621,10570951.151568789,Merchant payments,1522521000000,1530124200000,2018,2,tripura
TOTAL,6925,1264101.904810368,Financial Services,1522521000000,1530124200000,2018,2,tripura
TOTAL,6021,4835385.634057636,Others,1522521000000,1530124200000,2018,2,tripura
TOTAL,186065,398867427.32463384,Peer-to-peer payments,1530383400000,1538073000000,2018,3,tripura
TOTAL,156308,33484811.21282282,Recharge & bill payments,1530383400000,1538073000000,2018,3,tripura
TOTAL,21476,16092396.41113394,Merchant payments,1530383400000,1538073000000,2018,3,tripura
TOTAL,8106,1080000.0112896338,Financial Services,1530383400000,1538073000000,2018,3,tripura
TOTAL,5748,4338753.080712541,Others,1530383400000,1538073000000,2018,3,tripura
TOTAL,204720,38334816.66379926,Recharge & bill payments,1538332200000,1545935400000,2018,4,tripura
TOTAL,179739,549068822.3729683,Peer-to-peer payments,1538332200000,1545935400000,2018,4,tripura
TOTAL,50888,31066467.633390322,Merchant payments,1538332200000,1545935400000,2018,4,tripura
TOTAL,6441,1023126.8205747404,Financial Services,1538332200000,1545935400000,2018,4,tripura
TOTAL,6271,5392365.973713988,Others,1538332200000,1545935400000,2018,4,tripura
TOTAL,296993,679165332.8123899,Peer-to-peer payments,1546281000000,1553711400000,2019,1,tripura
TOTAL,227997,44429378.42277926,Recharge & bill payments,1546281000000,1553711400000,2019,1,tripura
TOTAL,46642,28109966.31994779,Merchant payments,1546281000000,1553711400000,2019,1,tripura
TOTAL,4189,461473.58856435167,Financial Services,1546281000000,1553711400000,2019,1,tripura
TOTAL,5105,4728790.472138839,Others,1546281000000,1553711400000,2019,1,tripura
TOTAL,240776,751113516.2256755,Peer-to-peer payments,1554057000000,1561660200000,2019,2,tripura
TOTAL,218649,48989430.60730426,Recharge & bill payments,1554057000000,1561660200000,2019,2,tripura
TOTAL,64829,35275706.82877502,Merchant payments,1554057000000,1561660200000,2019,2,tripura
TOTAL,1899,339184.3344705297,Financial Services,1554057000000,1561660200000,2019,2,tripura
TOTAL,6405,6103644.851151889,Others,1554057000000,1561660200000,2019,2,tripura
TOTAL,339539,81845425.35425141,Recharge & bill payments,1561919400000,1569609000000,2019,3,tripura
TOTAL,270163,884623553.9011384,Peer-to-peer payments,1561919400000,1569609000000,2019,3,tripura
TOTAL,68399,44802063.64430427,Merchant payments,1561919400000,1569609000000,2019,3,tripura
TOTAL,27970,582020.9903208594,Financial Services,1561919400000,1569609000000,2019,3,tripura
TOTAL,5646,5524358.927209696,Others,1561919400000,1569609000000,2019,3,tripura
TOTAL,373779,88001651.28693296,Recharge & bill payments,1569868200000,1577471400000,2019,4,tripura
TOTAL,359076,1071507585.9983547,Peer-to-peer payments,1569868200000,1577471400000,2019,4,tripura
TOTAL,62458,51274033.720727704,Merchant payments,1569868200000,1577471400000,2019,4,tripura
TOTAL,2239,377097.66713108413,Financial Services,1569868200000,1577471400000,2019,4,tripura
TOTAL,4272,4239791.585043055,Others,1569868200000,1577471400000,2019,4,tripura
TOTAL,449584,114355218.03514045,Recharge & bill payments,1577817000000,1585333800000,2020,1,tripura
TOTAL,366218,1400694933.570157,Peer-to-peer payments,1577817000000,1585333800000,2020,1,tripura
TOTAL,102861,68590603.6377098,Merchant payments,1577817000000,1585333800000,2020,1,tripura
TOTAL,1722,1066651.521721911,Financial Services,1577817000000,1585333800000,2020,1,tripura
TOTAL,4117,4071399.6237732675,Others,1577817000000,1585333800000,2020,1,tripura
TOTAL,600206,163220166.76643574,Recharge & bill payments,1585679400000,1593282600000,2020,2,tripura
TOTAL,346863,1501452755.6890237,Peer-to-peer payments,1585679400000,1593282600000,2020,2,tripura
TOTAL,97816,99795973.60794038,Merchant payments,1585679400000,1593282600000,2020,2,tripura
TOTAL,2904,2247782.5219734698,Financial Services,1585679400000,1593282600000,2020,2,tripura
TOTAL,4731,2459205.000588993,Others,1585679400000,1593282600000,2020,2,tripura
TOTAL,627363,185201997.2796099,Recharge & bill payments,1593541800000,1601231400000,2020,3,tripura
TOTAL,477769,1959371082.9173033,Peer-to-peer payments,1593541800000,1601231400000,2020,3,tripura
TOTAL,202106,190218136.2808841,Merchant payments,1593541800000,1601231400000,2020,3,tripura
TOTAL,3828,3141391.5755430083,Financial Services,1593541800000,1601231400000,2020,3,tripura
TOTAL,6819,3886908.1625436572,Others,1593541800000,1601231400000,2020,3,tripura
TOTAL,650386,2683789889.83192,Peer-to-peer payments,1601490600000,1609093800000,2020,4,tripura
TOTAL,631611,192385823.43220186,Recharge & bill payments,1601490600000,1609093800000,2020,4,tripura
TOTAL,357567,296872485.4156503,Merchant payments,1601490600000,1609093800000,2020,4,tripura
TOTAL,4084,3666639.308697606,Financial Services,1601490600000,1609093800000,2020,4,tripura
TOTAL,8242,5416158.232838955,Others,1601490600000,1609093800000,2020,4,tripura
TOTAL,643366,2821226150.5919185,Peer-to-peer payments,1609439400000,1616869800000,2021,1,tripura
TOTAL,508718,173211140.89346513,Recharge & bill payments,1609439400000,1616869800000,2021,1,tripura
TOTAL,350366,333743281.32103896,Merchant payments,1609439400000,1616869800000,2021,1,tripura
TOTAL,3146,2879929.222833151,Financial Services,1609439400000,1616869800000,2021,1,tripura
TOTAL,5827,4281067.764165951,Others,1609439400000,1616869800000,2021,1,tripura
TOTAL,703728,2865655130.4313264,Peer-to-peer payments,1617215400000,1624818600000,2021,2,tripura
TOTAL,589839,189808502.9050523,Recharge & bill payments,1617215400000,1624818600000,2021,2,tripura
TOTAL,440060,404915546.5177107,Merchant payments,1617215400000,1624818600000,2021,2,tripura
TOTAL,3656,3503925.3381061675,Financial Services,1617215400000,1624818600000,2021,2,tripura
TOTAL,7146,4271255.844077852,Others,1617215400000,1624818600000,2021,2,tripura
TOTAL,864329,3491901741.1594186,Peer-to-peer payments,1625077800000,1632767400000,2021,3,tripura
TOTAL,620991,215226019.57596284,Recharge & bill payments,1625077800000,1632767400000,2021,3,tripura
TOTAL,584079,648504775.623629,Merchant payments,1625077800000,1632767400000,2021,3,tripura
TOTAL,2886,3473153.087671739,Financial Services,1625077800000,1632767400000,2021,3,tripura
TOTAL,8915,5028078.734792852,Others,1625077800000,1632767400000,2021,3,tripura
TOTAL,1060915,4368786747.103016,Peer-to-peer payments,1633026600000,1640629800000,2021,4,tripura
TOTAL,793636,874005407.7140213,Merchant payments,1633026600000,1640629800000,2021,4,tripura
TOTAL,650251,241225282.07451886,Recharge & bill payments,1633026600000,1640629800000,2021,4,tripura
TOTAL,3635,5073898.6076811645,Financial Services,1633026600000,1640629800000,2021,4,tripura
TOTAL,12256,7838128.800210228,Others,1633026600000,1640629800000,2021,4,tripura
TOTAL,7003704,1201827543.8816488,Recharge & bill payments,1514745000000,1522175400000,2018,1,uttar-pradesh
TOTAL,4123625,11786969148.760597,Peer-to-peer payments,1514745000000,1522175400000,2018,1,uttar-pradesh
TOTAL,442436,428301434.2754866,Merchant payments,1514745000000,1522175400000,2018,1,uttar-pradesh
TOTAL,397328,75150444.99108115,Financial Services,1514745000000,1522175400000,2018,1,uttar-pradesh
TOTAL,570712,447722351.3138524,Others,1514745000000,1522175400000,2018,1,uttar-pradesh
TOTAL,9232131,2044535461.482608,Recharge & bill payments,1522521000000,1530124200000,2018,2,uttar-pradesh
TOTAL,6484369,22197440015.945545,Peer-to-peer payments,1522521000000,1530124200000,2018,2,uttar-pradesh
TOTAL,909545,799920463.267408,Merchant payments,1522521000000,1530124200000,2018,2,uttar-pradesh
TOTAL,563213,105536911.84026654,Financial Services,1522521000000,1530124200000,2018,2,uttar-pradesh
TOTAL,521685,572768843.1641636,Others,1522521000000,1530124200000,2018,2,uttar-pradesh
TOTAL,13828768,32944051606.98276,Peer-to-peer payments,1530383400000,1538073000000,2018,3,uttar-pradesh
TOTAL,9140873,2485029062.8899517,Recharge & bill payments,1530383400000,1538073000000,2018,3,uttar-pradesh
TOTAL,2397448,1012726185.1169598,Merchant payments,1530383400000,1538073000000,2018,3,uttar-pradesh
TOTAL,603303,76605144.65776658,Financial Services,1530383400000,1538073000000,2018,3,uttar-pradesh
TOTAL,544964,493702369.5936288,Others,1530383400000,1538073000000,2018,3,uttar-pradesh
TOTAL,15804910,48836291123.914734,Peer-to-peer payments,1538332200000,1545935400000,2018,4,uttar-pradesh
TOTAL,11976808,3040717446.728788,Recharge & bill payments,1538332200000,1545935400000,2018,4,uttar-pradesh
TOTAL,6953857,2480267671.259793,Merchant payments,1538332200000,1545935400000,2018,4,uttar-pradesh
TOTAL,517619,76250539.85851902,Financial Services,1538332200000,1545935400000,2018,4,uttar-pradesh
TOTAL,847573,663216794.1554663,Others,1538332200000,1545935400000,2018,4,uttar-pradesh
TOTAL,32062452,68506766330.45149,Peer-to-peer payments,1546281000000,1553711400000,2019,1,uttar-pradesh
TOTAL,15400713,4231102032.9564486,Recharge & bill payments,1546281000000,1553711400000,2019,1,uttar-pradesh
TOTAL,8558766,3105904146.2085333,Merchant payments,1546281000000,1553711400000,2019,1,uttar-pradesh
TOTAL,389733,43341558.48535549,Financial Services,1546281000000,1553711400000,2019,1,uttar-pradesh
TOTAL,912840,637066065.9078369,Others,1546281000000,1553711400000,2019,1,uttar-pradesh
TOTAL,27105049,87581482658.94861,Peer-to-peer payments,1554057000000,1561660200000,2019,2,uttar-pradesh
TOTAL,17551537,5627886175.9093685,Recharge & bill payments,1554057000000,1561660200000,2019,2,uttar-pradesh
TOTAL,12733089,4894223107.452321,Merchant payments,1554057000000,1561660200000,2019,2,uttar-pradesh
TOTAL,264091,38169259.945291094,Financial Services,1554057000000,1561660200000,2019,2,uttar-pradesh
TOTAL,1229734,775758168.4201038,Others,1554057000000,1561660200000,2019,2,uttar-pradesh
TOTAL,26990786,95134023863.97964,Peer-to-peer payments,1561919400000,1569609000000,2019,3,uttar-pradesh
TOTAL,20359672,8000160942.595396,Recharge & bill payments,1561919400000,1569609000000,2019,3,uttar-pradesh
TOTAL,19625935,7399443975.24218,Merchant payments,1561919400000,1569609000000,2019,3,uttar-pradesh
TOTAL,258548,51363215.14597865,Financial Services,1561919400000,1569609000000,2019,3,uttar-pradesh
TOTAL,1389018,683145478.0865316,Others,1561919400000,1569609000000,2019,3,uttar-pradesh
TOTAL,40540310,126564888408.1326,Peer-to-peer payments,1569868200000,1577471400000,2019,4,uttar-pradesh
TOTAL,24299776,9082140369.774977,Recharge & bill payments,1569868200000,1577471400000,2019,4,uttar-pradesh
TOTAL,20582052,9412924984.9687,Merchant payments,1569868200000,1577471400000,2019,4,uttar-pradesh
TOTAL,242936,45686806.83093811,Financial Services,1569868200000,1577471400000,2019,4,uttar-pradesh
TOTAL,1239931,433285937.588854,Others,1569868200000,1577471400000,2019,4,uttar-pradesh
TOTAL,39581157,147734706846.56177,Peer-to-peer payments,1577817000000,1585333800000,2020,1,uttar-pradesh
TOTAL,29777603,11168417430.652225,Recharge & bill payments,1577817000000,1585333800000,2020,1,uttar-pradesh
TOTAL,26741638,13072371616.871723,Merchant payments,1577817000000,1585333800000,2020,1,uttar-pradesh
TOTAL,139990,64365117.409359045,Financial Services,1577817000000,1585333800000,2020,1,uttar-pradesh
TOTAL,998744,376573949.20359,Others,1577817000000,1585333800000,2020,1,uttar-pradesh
TOTAL,42229417,14668026056.368128,Recharge & bill payments,1585679400000,1593282600000,2020,2,uttar-pradesh
TOTAL,39434202,150079524408.8693,Peer-to-peer payments,1585679400000,1593282600000,2020,2,uttar-pradesh
TOTAL,18625913,13655151082.574724,Merchant payments,1585679400000,1593282600000,2020,2,uttar-pradesh
TOTAL,150360,131930242.90371712,Financial Services,1585679400000,1593282600000,2020,2,uttar-pradesh
TOTAL,412073,209384339.5723213,Others,1585679400000,1593282600000,2020,2,uttar-pradesh
TOTAL,54449911,207530912756.73047,Peer-to-peer payments,1593541800000,1601231400000,2020,3,uttar-pradesh
TOTAL,37465163,16437365640.853413,Recharge & bill payments,1593541800000,1601231400000,2020,3,uttar-pradesh
TOTAL,34697942,24224433240.836243,Merchant payments,1593541800000,1601231400000,2020,3,uttar-pradesh
TOTAL,206210,194129227.54374278,Financial Services,1593541800000,1601231400000,2020,3,uttar-pradesh
TOTAL,586033,303114557.0989778,Others,1593541800000,1601231400000,2020,3,uttar-pradesh
TOTAL,75433782,294401153346.76337,Peer-to-peer payments,1601490600000,1609093800000,2020,4,uttar-pradesh
TOTAL,61922138,44438824680.670944,Merchant payments,1601490600000,1609093800000,2020,4,uttar-pradesh
TOTAL,39570153,17793973968.761925,Recharge & bill payments,1601490600000,1609093800000,2020,4,uttar-pradesh
TOTAL,246868,255803306.13741985,Financial Services,1601490600000,1609093800000,2020,4,uttar-pradesh
TOTAL,994576,539071475.9342327,Others,1601490600000,1609093800000,2020,4,uttar-pradesh
TOTAL,85539321,321609613378.6789,Peer-to-peer payments,1609439400000,1616869800000,2021,1,uttar-pradesh
TOTAL,78873969,55362244381.43686,Merchant payments,1609439400000,1616869800000,2021,1,uttar-pradesh
TOTAL,38981894,18563189222.328217,Recharge & bill payments,1609439400000,1616869800000,2021,1,uttar-pradesh
TOTAL,250656,266104783.7449573,Financial Services,1609439400000,1616869800000,2021,1,uttar-pradesh
TOTAL,853707,486435811.3771204,Others,1609439400000,1616869800000,2021,1,uttar-pradesh
TOTAL,102927942,388761820128.4563,Peer-to-peer payments,1617215400000,1624818600000,2021,2,uttar-pradesh
TOTAL,84860582,70351401159.78787,Merchant payments,1617215400000,1624818600000,2021,2,uttar-pradesh
TOTAL,53030710,22266927128.75408,Recharge & bill payments,1617215400000,1624818600000,2021,2,uttar-pradesh
TOTAL,270944,266853066.82962543,Financial Services,1617215400000,1624818600000,2021,2,uttar-pradesh
TOTAL,858953,525487682.5584012,Others,1617215400000,1624818600000,2021,2,uttar-pradesh
TOTAL,127945827,440726915882.17084,Peer-to-peer payments,1625077800000,1632767400000,2021,3,uttar-pradesh
TOTAL,126699830,91089049637.02377,Merchant payments,1625077800000,1632767400000,2021,3,uttar-pradesh
TOTAL,50414232,24348150109.635994,Recharge & bill payments,1625077800000,1632767400000,2021,3,uttar-pradesh
TOTAL,253418,292009129.0296748,Financial Services,1625077800000,1632767400000,2021,3,uttar-pradesh
TOTAL,1230077,624716522.0745409,Others,1625077800000,1632767400000,2021,3,uttar-pradesh
TOTAL,183966052,142889329646.05463,Merchant payments,1633026600000,1640629800000,2021,4,uttar-pradesh
TOTAL,167503176,600973581946.6772,Peer-to-peer payments,1633026600000,1640629800000,2021,4,uttar-pradesh
TOTAL,52863531,28812549097.65689,Recharge & bill payments,1633026600000,1640629800000,2021,4,uttar-pradesh
TOTAL,353219,386356976.48969895,Financial Services,1633026600000,1640629800000,2021,4,uttar-pradesh
TOTAL,1471954,829152405.3448995,Others,1633026600000,1640629800000,2021,4,uttar-pradesh
TOTAL,730428,124377517.3349145,Recharge & bill payments,1514745000000,1522175400000,2018,1,uttarakhand
TOTAL,399545,1296603346.334598,Peer-to-peer payments,1514745000000,1522175400000,2018,1,uttarakhand
TOTAL,35382,39372913.10424411,Merchant payments,1514745000000,1522175400000,2018,1,uttarakhand
TOTAL,27761,5637758.5563494945,Financial Services,1514745000000,1522175400000,2018,1,uttarakhand
TOTAL,53569,42553823.19378027,Others,1514745000000,1522175400000,2018,1,uttarakhand
TOTAL,946332,193802092.8234874,Recharge & bill payments,1522521000000,1530124200000,2018,2,uttarakhand
TOTAL,620490,2358941864.7682114,Peer-to-peer payments,1522521000000,1530124200000,2018,2,uttarakhand
TOTAL,60494,66946005.75890133,Merchant payments,1522521000000,1530124200000,2018,2,uttarakhand
TOTAL,29919,7913276.778501136,Financial Services,1522521000000,1530124200000,2018,2,uttarakhand
TOTAL,46887,52152138.42194019,Others,1522521000000,1530124200000,2018,2,uttarakhand
TOTAL,1049725,3356030294.930648,Peer-to-peer payments,1530383400000,1538073000000,2018,3,uttarakhand
TOTAL,1004356,239244556.76646537,Recharge & bill payments,1530383400000,1538073000000,2018,3,uttarakhand
TOTAL,112342,84447374.86583523,Merchant payments,1530383400000,1538073000000,2018,3,uttarakhand
TOTAL,22792,4334709.909645849,Financial Services,1530383400000,1538073000000,2018,3,uttarakhand
TOTAL,39917,42516103.38590273,Others,1530383400000,1538073000000,2018,3,uttarakhand
TOTAL,1556731,5072621132.343549,Peer-to-peer payments,1538332200000,1545935400000,2018,4,uttarakhand
TOTAL,1252124,292877734.33795583,Recharge & bill payments,1538332200000,1545935400000,2018,4,uttarakhand
TOTAL,289733,228453045.85460952,Merchant payments,1538332200000,1545935400000,2018,4,uttarakhand
TOTAL,29916,6035161.098892693,Financial Services,1538332200000,1545935400000,2018,4,uttarakhand
TOTAL,50257,54285064.328889735,Others,1538332200000,1545935400000,2018,4,uttarakhand
TOTAL,3499130,6512361464.496071,Peer-to-peer payments,1546281000000,1553711400000,2019,1,uttarakhand
TOTAL,1590269,394631055.6931843,Recharge & bill payments,1546281000000,1553711400000,2019,1,uttarakhand
TOTAL,372290,226281078.7699414,Merchant payments,1546281000000,1553711400000,2019,1,uttarakhand
TOTAL,28784,3951610.30495379,Financial Services,1546281000000,1553711400000,2019,1,uttarakhand
TOTAL,55528,46303966.00979781,Others,1546281000000,1553711400000,2019,1,uttarakhand
TOTAL,2383662,7752954670.580209,Peer-to-peer payments,1554057000000,1561660200000,2019,2,uttarakhand
TOTAL,1616176,454962951.9136597,Recharge & bill payments,1554057000000,1561660200000,2019,2,uttarakhand
TOTAL,721858,323876953.4104364,Merchant payments,1554057000000,1561660200000,2019,2,uttarakhand
TOTAL,21852,2550386.4774141517,Financial Services,1554057000000,1561660200000,2019,2,uttarakhand
TOTAL,69727,54187888.53677146,Others,1554057000000,1561660200000,2019,2,uttarakhand
TOTAL,2313544,8512622076.436331,Peer-to-peer payments,1561919400000,1569609000000,2019,3,uttarakhand
TOTAL,2201606,683772296.9748493,Recharge & bill payments,1561919400000,1569609000000,2019,3,uttarakhand
TOTAL,1121052,480794827.1193007,Merchant payments,1561919400000,1569609000000,2019,3,uttarakhand
TOTAL,12119,4570326.192004257,Financial Services,1561919400000,1569609000000,2019,3,uttarakhand
TOTAL,62155,47272543.294839665,Others,1561919400000,1569609000000,2019,3,uttarakhand
TOTAL,3210116,11020339546.604958,Peer-to-peer payments,1569868200000,1577471400000,2019,4,uttarakhand
TOTAL,2547173,817728111.4576316,Recharge & bill payments,1569868200000,1577471400000,2019,4,uttarakhand
TOTAL,1542944,701746516.8731368,Merchant payments,1569868200000,1577471400000,2019,4,uttarakhand
TOTAL,11585,3555524.3767221333,Financial Services,1569868200000,1577471400000,2019,4,uttarakhand
TOTAL,50298,30336605.83833359,Others,1569868200000,1577471400000,2019,4,uttarakhand
TOTAL,3792776,13999676596.865887,Peer-to-peer payments,1577817000000,1585333800000,2020,1,uttarakhand
TOTAL,2990764,1028598924.445406,Recharge & bill payments,1577817000000,1585333800000,2020,1,uttarakhand
TOTAL,2289657,1094245197.2356641,Merchant payments,1577817000000,1585333800000,2020,1,uttarakhand
TOTAL,10246,8180881.808693047,Financial Services,1577817000000,1585333800000,2020,1,uttarakhand
TOTAL,48341,27378658.631921414,Others,1577817000000,1585333800000,2020,1,uttarakhand
TOTAL,3755695,1303523584.942265,Recharge & bill payments,1585679400000,1593282600000,2020,2,uttarakhand
TOTAL,3656029,13572964169.690296,Peer-to-peer payments,1585679400000,1593282600000,2020,2,uttarakhand
TOTAL,1587042,1181497493.0283294,Merchant payments,1585679400000,1593282600000,2020,2,uttarakhand
TOTAL,15023,17612288.05771955,Financial Services,1585679400000,1593282600000,2020,2,uttarakhand
TOTAL,33981,18590166.382408556,Others,1585679400000,1593282600000,2020,2,uttarakhand
TOTAL,4836512,18377468807.44993,Peer-to-peer payments,1593541800000,1601231400000,2020,3,uttarakhand
TOTAL,3751993,1509373287.697055,Recharge & bill payments,1593541800000,1601231400000,2020,3,uttarakhand
TOTAL,3164623,2166776519.8536706,Merchant payments,1593541800000,1601231400000,2020,3,uttarakhand
TOTAL,20455,26449980.584111303,Financial Services,1593541800000,1601231400000,2020,3,uttarakhand
TOTAL,45352,23442372.42176825,Others,1593541800000,1601231400000,2020,3,uttarakhand
TOTAL,6748183,25748737002.1362,Peer-to-peer payments,1601490600000,1609093800000,2020,4,uttarakhand
TOTAL,6629201,4274032856.6465273,Merchant payments,1601490600000,1609093800000,2020,4,uttarakhand
TOTAL,4140391,1697819950.5564795,Recharge & bill payments,1601490600000,1609093800000,2020,4,uttarakhand
TOTAL,27120,29791064.761797357,Financial Services,1601490600000,1609093800000,2020,4,uttarakhand
TOTAL,68376,42358455.00938001,Others,1601490600000,1609093800000,2020,4,uttarakhand
TOTAL,8393767,5283142247.065777,Merchant payments,1609439400000,1616869800000,2021,1,uttarakhand
TOTAL,7981710,29202365442.63442,Peer-to-peer payments,1609439400000,1616869800000,2021,1,uttarakhand
TOTAL,4146569,1727960484.030287,Recharge & bill payments,1609439400000,1616869800000,2021,1,uttarakhand
TOTAL,30208,38400863.99560504,Financial Services,1609439400000,1616869800000,2021,1,uttarakhand
TOTAL,56148,36320362.17233381,Others,1609439400000,1616869800000,2021,1,uttarakhand
TOTAL,9374939,32674145244.390625,Peer-to-peer payments,1617215400000,1624818600000,2021,2,uttarakhand
TOTAL,9134389,6257528832.057196,Merchant payments,1617215400000,1624818600000,2021,2,uttarakhand
TOTAL,5388285,1979824048.8157122,Recharge & bill payments,1617215400000,1624818600000,2021,2,uttarakhand
TOTAL,31497,35404991.874676295,Financial Services,1617215400000,1624818600000,2021,2,uttarakhand
TOTAL,71322,43914757.70001851,Others,1617215400000,1624818600000,2021,2,uttarakhand
TOTAL,13673085,9001414756.070686,Merchant payments,1625077800000,1632767400000,2021,3,uttarakhand
TOTAL,11867174,39256650720.01872,Peer-to-peer payments,1625077800000,1632767400000,2021,3,uttarakhand
TOTAL,5388011,2182554095.263321,Recharge & bill payments,1625077800000,1632767400000,2021,3,uttarakhand
TOTAL,27839,38013969.98341857,Financial Services,1625077800000,1632767400000,2021,3,uttarakhand
TOTAL,86175,48863242.2282843,Others,1625077800000,1632767400000,2021,3,uttarakhand
TOTAL,19850878,13515464697.761791,Merchant payments,1633026600000,1640629800000,2021,4,uttarakhand
TOTAL,14819203,49969580473.07786,Peer-to-peer payments,1633026600000,1640629800000,2021,4,uttarakhand
TOTAL,5536262,2540546090.023079,Recharge & bill payments,1633026600000,1640629800000,2021,4,uttarakhand
TOTAL,38764,51212042.381750934,Financial Services,1633026600000,1640629800000,2021,4,uttarakhand
TOTAL,116173,71304856.17664191,Others,1633026600000,1640629800000,2021,4,uttarakhand
TOTAL,5773831,964309485.9592385,Recharge & bill payments,1514745000000,1522175400000,2018,1,west-bengal
TOTAL,4383075,8874266825.985771,Peer-to-peer payments,1514745000000,1522175400000,2018,1,west-bengal
TOTAL,665171,119502271.66944443,Financial Services,1514745000000,1522175400000,2018,1,west-bengal
TOTAL,443378,366788699.65713125,Merchant payments,1514745000000,1522175400000,2018,1,west-bengal
TOTAL,444770,301111268.86863834,Others,1514745000000,1522175400000,2018,1,west-bengal
TOTAL,8284944,15889890046.862814,Peer-to-peer payments,1522521000000,1530124200000,2018,2,west-bengal
TOTAL,7360522,1563841173.839662,Recharge & bill payments,1522521000000,1530124200000,2018,2,west-bengal
TOTAL,1121570,160809685.93886387,Financial Services,1522521000000,1530124200000,2018,2,west-bengal
TOTAL,937608,715914360.819237,Merchant payments,1522521000000,1530124200000,2018,2,west-bengal
TOTAL,377802,298728202.7433254,Others,1522521000000,1530124200000,2018,2,west-bengal
TOTAL,41882429,38439798815.23789,Peer-to-peer payments,1530383400000,1538073000000,2018,3,west-bengal
TOTAL,7596315,1992473341.2750623,Recharge & bill payments,1530383400000,1538073000000,2018,3,west-bengal
TOTAL,2252265,979603555.1397107,Merchant payments,1530383400000,1538073000000,2018,3,west-bengal
TOTAL,1619524,185187032.8965006,Financial Services,1530383400000,1538073000000,2018,3,west-bengal
TOTAL,354883,246871438.6293067,Others,1530383400000,1538073000000,2018,3,west-bengal
TOTAL,17154995,35303180047.06148,Peer-to-peer payments,1538332200000,1545935400000,2018,4,west-bengal
TOTAL,9425082,2467741143.2258015,Recharge & bill payments,1538332200000,1545935400000,2018,4,west-bengal
TOTAL,8633569,2294203496.6575317,Merchant payments,1538332200000,1545935400000,2018,4,west-bengal
TOTAL,734796,93755616.52283625,Financial Services,1538332200000,1545935400000,2018,4,west-bengal
TOTAL,565106,330738908.23670936,Others,1538332200000,1545935400000,2018,4,west-bengal
TOTAL,27374206,44170923881.744286,Peer-to-peer payments,1546281000000,1553711400000,2019,1,west-bengal
TOTAL,11659948,3021107711.9021683,Recharge & bill payments,1546281000000,1553711400000,2019,1,west-bengal
TOTAL,7636726,2645438308.338478,Merchant payments,1546281000000,1553711400000,2019,1,west-bengal
TOTAL,525650,47986448.46936697,Financial Services,1546281000000,1553711400000,2019,1,west-bengal
TOTAL,429858,279216273.42549,Others,1546281000000,1553711400000,2019,1,west-bengal
TOTAL,20285958,48394974398.37831,Peer-to-peer payments,1554057000000,1561660200000,2019,2,west-bengal
TOTAL,13646142,4657258459.145545,Merchant payments,1554057000000,1561660200000,2019,2,west-bengal
TOTAL,12129638,3676123279.3800926,Recharge & bill payments,1554057000000,1561660200000,2019,2,west-bengal
TOTAL,421037,45646046.98846317,Financial Services,1554057000000,1561660200000,2019,2,west-bengal
TOTAL,540760,331688935.22631323,Others,1554057000000,1561660200000,2019,2,west-bengal
TOTAL,30804036,8273187167.0788555,Merchant payments,1561919400000,1569609000000,2019,3,west-bengal
TOTAL,21522913,57058405341.48096,Peer-to-peer payments,1561919400000,1569609000000,2019,3,west-bengal
TOTAL,13011501,4832486821.888576,Recharge & bill payments,1561919400000,1569609000000,2019,3,west-bengal
TOTAL,558653,57054414.83597401,Financial Services,1561919400000,1569609000000,2019,3,west-bengal
TOTAL,547726,319398871.5461071,Others,1561919400000,1569609000000,2019,3,west-bengal
TOTAL,67037576,76593333397.8665,Peer-to-peer payments,1569868200000,1577471400000,2019,4,west-bengal
TOTAL,14511711,4859794689.902503,Recharge & bill payments,1569868200000,1577471400000,2019,4,west-bengal
TOTAL,14187744,6477138700.812115,Merchant payments,1569868200000,1577471400000,2019,4,west-bengal
TOTAL,653648,77047243.72974005,Financial Services,1569868200000,1577471400000,2019,4,west-bengal
TOTAL,415159,196296222.33587587,Others,1569868200000,1577471400000,2019,4,west-bengal
TOTAL,28457404,82770282623.80914,Peer-to-peer payments,1577817000000,1585333800000,2020,1,west-bengal
TOTAL,19779392,8097859088.519976,Merchant payments,1577817000000,1585333800000,2020,1,west-bengal
TOTAL,17448908,5550815439.734788,Recharge & bill payments,1577817000000,1585333800000,2020,1,west-bengal
TOTAL,210068,58280893.55150119,Financial Services,1577817000000,1585333800000,2020,1,west-bengal
TOTAL,354609,176067145.3227705,Others,1577817000000,1585333800000,2020,1,west-bengal
TOTAL,24855687,84984004330.7718,Peer-to-peer payments,1585679400000,1593282600000,2020,2,west-bengal
TOTAL,22220012,7496845561.868595,Recharge & bill payments,1585679400000,1593282600000,2020,2,west-bengal
TOTAL,10225729,7404190137.669086,Merchant payments,1585679400000,1593282600000,2020,2,west-bengal
TOTAL,130595,89987205.23090403,Financial Services,1585679400000,1593282600000,2020,2,west-bengal
TOTAL,244774,124404641.81495729,Others,1585679400000,1593282600000,2020,2,west-bengal
TOTAL,37556349,133120676151.84232,Peer-to-peer payments,1593541800000,1601231400000,2020,3,west-bengal
TOTAL,22284079,8768630922.970161,Recharge & bill payments,1593541800000,1601231400000,2020,3,west-bengal
TOTAL,19599024,14614394375.389553,Merchant payments,1593541800000,1601231400000,2020,3,west-bengal
TOTAL,151996,125973420.85650632,Financial Services,1593541800000,1601231400000,2020,3,west-bengal
TOTAL,363056,183680984.08253318,Others,1593541800000,1601231400000,2020,3,west-bengal
TOTAL,46437233,166391874596.30487,Peer-to-peer payments,1601490600000,1609093800000,2020,4,west-bengal
TOTAL,30077510,22241302940.832962,Merchant payments,1601490600000,1609093800000,2020,4,west-bengal
TOTAL,23158305,10074605883.201237,Recharge & bill payments,1601490600000,1609093800000,2020,4,west-bengal
TOTAL,178455,164241191.7401362,Financial Services,1601490600000,1609093800000,2020,4,west-bengal
TOTAL,489142,293466753.56894124,Others,1601490600000,1609093800000,2020,4,west-bengal
TOTAL,53869075,202240249482.85385,Peer-to-peer payments,1609439400000,1616869800000,2021,1,west-bengal
TOTAL,37143701,28918343691.018497,Merchant payments,1609439400000,1616869800000,2021,1,west-bengal
TOTAL,26673733,11339665944.69124,Recharge & bill payments,1609439400000,1616869800000,2021,1,west-bengal
TOTAL,166727,175445811.88444334,Financial Services,1609439400000,1616869800000,2021,1,west-bengal
TOTAL,400816,263502545.07389978,Others,1609439400000,1616869800000,2021,1,west-bengal
TOTAL,64661051,230812278789.29965,Peer-to-peer payments,1617215400000,1624818600000,2021,2,west-bengal
TOTAL,41696787,34787867208.31932,Merchant payments,1617215400000,1624818600000,2021,2,west-bengal
TOTAL,34799709,13331453857.609217,Recharge & bill payments,1617215400000,1624818600000,2021,2,west-bengal
TOTAL,190537,186466487.6307634,Financial Services,1617215400000,1624818600000,2021,2,west-bengal
TOTAL,549353,316744715.7049847,Others,1617215400000,1624818600000,2021,2,west-bengal
TOTAL,84353949,294799731350.5536,Peer-to-peer payments,1625077800000,1632767400000,2021,3,west-bengal
TOTAL,58800005,50971169851.15668,Merchant payments,1625077800000,1632767400000,2021,3,west-bengal
TOTAL,37556310,16045754099.005053,Recharge & bill payments,1625077800000,1632767400000,2021,3,west-bengal
TOTAL,189087,213411736.37376124,Financial Services,1625077800000,1632767400000,2021,3,west-bengal
TOTAL,813637,426999219.42323273,Others,1625077800000,1632767400000,2021,3,west-bengal
TOTAL,105728377,372240891205.5542,Peer-to-peer payments,1633026600000,1640629800000,2021,4,west-bengal
TOTAL,80248673,71231577538.7114,Merchant payments,1633026600000,1640629800000,2021,4,west-bengal
TOTAL,37801439,17813903244.663807,Recharge & bill payments,1633026600000,1640629800000,2021,4,west-bengal
TOTAL,252535,270791056.674143,Financial Services,1633026600000,1640629800000,2021,4,west-bengal
TOTAL,998536,660874216.4934742,Others,1633026600000,1640629800000,2021,4,west-bengal
